# z	dc_LCDM	dc_wCDM
0.005	22.34578330135812	22.35145998125458
0.015	66.8761802684213	66.9266140653244
0.025	111.19074084980332	111.32902863647696
0.034999999999999996	155.28839195262248	155.55592975473763
0.045	199.16812775285112	199.6046442276963
0.055	242.82900925817904	243.47259960228064
0.065	286.2701638021694	287.1573240335607
0.07500000000000001	329.49078447275417	330.65644603359806
0.085	372.4901294781725	373.96769410365823
0.095	415.2675214534947	417.08889625339197
0.10500000000000001	457.8223467109019	460.0179794108375
0.115	500.15405443690855	502.7529687273202
0.125	542.2621558397228	545.2919867815231
0.135	584.1462232499266	587.633252687163
0.14500000000000002	625.8058891776509	629.7750811088489
0.155	667.2408453293889	671.7158811908118
0.165	708.450841587558	713.4541554032811
0.17500000000000002	749.43568495588	754.9884983113429
0.185	790.1952384735939	796.3175952711608
0.195	830.7294201014639	837.4402210584486
0.20500000000000002	871.0382015824771	878.3552384340845
0.215	911.1216072800551	919.0615966517337
0.225	950.9797129965312	959.5583299122997
0.23500000000000001	990.6126447745645	999.8445557699683
0.245	1030.0205776840726	1039.9194734945372
0.255	1069.2037345971914	1079.782362394622
0.265	1108.1623849536609	1119.4325801062487
0.275	1146.8968435189606	1158.869560851205
0.28500000000000003	1185.4074691374137	1198.0928136694279
0.295	1223.6946634823887	1237.1019206295352
0.305	1261.7588698056236	1275.8965350215133
0.315	1299.6005716876102	1314.476379535383
0.325	1337.220291790869	1352.841244429552
0.335	1374.6185906178569	1390.9909856923716
0.34500000000000003	1411.7960652751433	1428.9255232002852
0.35500000000000004	1448.7533482454064	1466.644838875775
0.365	1485.4911061686932	1504.148974848155
0.375	1522.0100386343113	1541.438031620107
0.385	1558.3108769846092	1578.5121662426648
0.395	1594.39438313183	1615.3715905012177
0.405	1630.261348389125	1652.0165691149339
0.41500000000000004	1665.9125923167353	1688.4474179518297
0.425	1701.3489615842605	1724.6645022615828
0.435	1736.5713288498632	1760.6682349280077
0.445	1771.5805916571665	1796.4590747429795
0.455	1806.3776713505442	1832.0375247034387
0.465	1840.963512009416	1867.4041303329686
0.47500000000000003	1875.3390794021	1902.5594780293065
0.485	1909.5053599597088	1937.5041934389983
0.495	1943.4633597705022	1972.2389398603184
0.505	1977.2141035950622	2006.764416675397
0.515	2010.758633902595	2041.081357812438
0.525	2044.098009928599	2075.1905302387595
0.535	2077.2333067541	2109.092732485294
0.545	2110.1656144066037	2142.788793203095
0.555	2142.896036982854	2176.2795697522783
0.5650000000000001	2175.425691793471	2209.565946823755
0.5750000000000001	2207.7557085294598	2242.648835094018
0.585	2239.8872284506006	2275.5291699131617
0.595	2271.8214035956235	2308.20791002625
0.605	2303.55939601411	2340.6860363280525
0.615	2335.10237701997	2372.964550651137
0.625	2366.4515264663605	2405.0444745872132
0.635	2397.6080320418605	2436.9268483415763
0.645	2428.573088587693	2468.612729620464
0.655	2459.3478974357768	2500.103192551055
0.665	2489.933665767357	2531.399326633821
0.675	2520.331605991944	2562.502235726902
0.685	2550.5429351462885	2593.413037062115
0.6950000000000001	2580.568874313085	2624.132860292203
0.7050000000000001	2610.4106480590935	2654.6628465688705
0.715	2640.069483892366	2685.004147651147
0.725	2669.546611738225	2715.1579250435866
0.735	2698.843263433664	2745.1253491637913
0.745	2727.9606722398175	2774.907598538716
0.755	2756.9000723721324	2804.505859029229
0.765	2785.6626985478842	2833.921323082339
0.775	2814.24978555067	2863.1551890105407
0.785	2842.6625678114997	2892.208660297672
0.795	2870.9022790061154	2921.0829449307175
0.805	2898.9701516681544	2949.7792547569334
0.8150000000000001	2926.867416817798	2978.2988048657135
0.8250000000000001	2954.5953036054957	3006.6428129945903
0.8350000000000001	2982.155038970424	3034.812498958753
0.845	3009.5478473132694	3062.8090841035023
0.855	3036.774950182991	3090.6337907790066
0.865	3063.837565977172	3118.2878418367923
0.875	3090.736909655597	3145.7724601473556
0.885	3117.474192466692	3173.088868138299
0.895	3144.050621686459	3200.2382873524216
0.905	3170.467400369559	3227.221938025168
0.915	3196.725727112179	3254.0410386808803
0.925	3222.826795826334	3280.696805747267
0.935	3248.7717955252842	3307.1904531875493
0.9450000000000001	3274.56191011969	3333.5231921497316
0.9550000000000001	3300.1983182242116	3359.696230632452
0.965	3325.6821929742055	3385.71077316689
0.975	3351.014701852203	3411.5680205142053
0.985	3376.197006523854	3437.26916937801
0.995	3401.2302626830365	3462.8154121313605
1.005	3426.115619905821	3488.2079365577883
1.015	3450.8542215129983	3513.447925605894
1.025	3475.4472044408835	3538.53655715703
1.035	3499.8956991201126	3563.4750038056286
1.045	3524.200829362152	3588.2644326517116
1.055	3548.363712253265	3612.9060051051647
1.065	3572.3854580556504	3637.400876701353
1.075	3596.2671701155186	3661.7501969276454
1.085	3620.0099447778434	3685.955109060471
1.095	3643.614871307552	3710.016750012505
1.105	3667.083031816906	3733.9362501896094
1.115	3690.4155011988623	3757.7147333571506
1.125	3713.613347066163	3781.353316515345
1.135	3736.677629695964	3804.8531097832824
1.145	3759.609401979762	3828.2152162912903
1.155	3782.409709378449	3851.4407320812975
1.1649999999999998	3805.079589882247	3874.530746014907
1.1749999999999998	3827.6200739753785	3897.4863396888454
1.1849999999999998	3850.032184605246	3920.308587357496
1.1949999999999998	3872.316937155955	3942.998555862236
1.2049999999999998	3894.475339426011	3965.557304567291
1.2149999999999999	3916.5083916099816	3987.9858853018304
1.2249999999999999	3938.4170862840183	4010.285342308051
1.2349999999999999	3960.20240839501	4032.4567121949976
1.2449999999999999	3981.865335253256	4054.5010238978557
1.255	4003.406836528498	4076.419298642511
1.265	4024.8278742491516	4098.212549915113
1.275	4046.129402804609	4119.88178343645
1.285	4067.312368950468	4141.427997140903
1.295	4088.377711816566	4162.8521811597875
1.305	4109.326362917668	4184.155317808866
1.315	4130.159246166717	4205.338381579857
1.325	4150.877277890493	4226.402339135755
1.335	4171.481366847592	4247.348149309757
1.345	4191.972414248603	4268.176763107668
1.355	4212.351313778365	4288.889123713579
1.365	4232.618951620226	4309.486166498678
1.375	4252.776206482175	4329.968819033042
1.385	4272.823949624772	4350.338001100251
1.395	4292.763044890763	4370.59462471469
1.405	4312.594348736321	4390.7395941414015
1.4149999999999998	4332.318710263786	4410.773805918352
1.4249999999999998	4351.936971255854	4430.69814888099
1.4349999999999998	4371.449966211118	4450.513504188969
1.4449999999999998	4390.858522380892	4470.220745354925
1.4549999999999998	4410.1634598072305	4489.8207382752
1.4649999999999999	4429.365591362091	4509.3143412623685
1.4749999999999999	4448.465722787555	4528.702405079531
1.4849999999999999	4467.464652737044	4547.985772976188
1.4949999999999999	4486.363172817481	4567.165280725688
1.505	4505.162067632306	4586.2417566640825
1.515	4523.862114825325	4605.216021730346
1.525	4542.464085125299	4624.088889507855
1.535	4560.968742391254	4642.861166267056
1.545	4579.3768436584205	4661.53365100924
1.555	4597.689139184794	4680.107135511341
1.565	4615.906372498233	4698.582404371704
1.575	4634.029280444076	4716.960235056738
1.585	4652.0585932332115	4735.241397948403
1.595	4669.995034490565	4753.426656392447
1.605	4687.839321303988	4771.516766747358
1.615	4705.5921642734575	4789.512478433956
1.625	4723.254267560602	4807.414533985577
1.635	4740.826328938479	4825.223669098787
1.645	4758.3090398416	4842.940612684601
1.655	4775.703085416154	4860.5660869201165
1.665	4793.0091445703865	4878.100807300569
1.6749999999999998	4810.227890025138	4895.545482691703
1.6849999999999998	4827.3599883644865	4912.900815382481
1.6949999999999998	4844.406100086467	4930.167501138044
1.7049999999999998	4861.366879653862	4947.346229252898
1.7149999999999999	4878.24297554502	4964.437682604306
1.7249999999999999	4895.035030304684	4981.442537705832
1.7349999999999999	4911.743680594801	4998.361464760998
1.7449999999999999	4928.369557245315	5015.195127717059
1.755	4944.913285304889	5031.944184318819
1.765	4961.375484091559	5048.609286162491
1.775	4977.756767243298	5065.191078749566
1.785	4994.057742768465	5081.690201540673
1.795	5010.279013096135	5098.10728800936
1.805	5026.421175126279	5114.442965695867
1.815	5042.48482027979	5130.697856260756
1.825	5058.470534548338	5146.872575538466
1.835	5074.378898544038	5162.967733590731
1.845	5090.210487548921	5178.98393475985
1.855	5105.9658715641945	5194.92177772178
1.865	5121.645615359282	5210.781855539078
1.875	5137.250278520633	5226.564755713614
1.885	5152.780415500282	5242.271060239082
1.895	5168.236575664167	5257.901345653297
1.905	5183.619303340176	5273.45618309023
1.915	5198.9291378659345	5288.936138331814
1.9249999999999998	5214.166613636308	5304.341771859459
1.9349999999999998	5229.332260150629	5319.673638905321
1.9449999999999998	5244.426602059614	5334.932289503262
1.9549999999999998	5259.450159212005	5350.118268539524
1.9649999999999999	5274.403446700895	5365.232115803104
1.9749999999999999	5289.286974909743	5380.274366035806
1.9849999999999999	5304.101249558075	5395.245548981979
1.9949999999999999	5318.8467717468775	5410.146189437921
