z_list	comoving_distances_L_CDM	comoving_distances_w_CDM
0.005	22.36125246838194	18.633682081696367
0.015	66.92247623653704	55.80755095798822
0.025	111.26771425499656	92.85575065347503
0.034999999999999996	155.39589268768714	129.77709641883416
0.045	199.3060050138987	166.5704333739399
0.055	242.99711159084833	203.2346368925691
0.065	286.468339147488	239.76861295347928
0.07500000000000001	334.0317674224435	279.8043060282408
0.085	372.74799248033435	312.44166151409195
0.095	415.5549981161849	348.578701687773
0.10500000000000001	462.38544009334754	388.1743026868291
0.115	500.50029595673107	420.44897021812835
0.125	542.6375478349842	456.1803567987047
0.135	584.5506106753082	491.77473722057607
0.14500000000000002	630.3956043300003	530.7693113819794
0.155	667.7027574990925	562.5491498246756
0.165	708.9412826831531	597.7275978794789
0.17500000000000002	749.9544991539948	632.7658715525516
0.185	790.7422698551111	667.6632595555029
0.195	831.3045126895222	702.4190828385817
0.20500000000000002	871.6411993796839	737.0326945081824
0.215	911.752354304899	771.5034797179387
0.225	951.6380533189779	805.8308555342048
0.23500000000000001	991.2984225508249	840.014270776749
0.245	1030.7336371905349	874.0532058354995
0.255	1069.943920263505	907.9471724642125
0.265	1108.929541394969	941.6957135519309
0.275	1147.6908155672734	975.2984028731335
0.28500000000000003	1186.2281018721226	1008.7548448174689
0.295	1224.5418022599138	1042.0646740999866
0.305	1262.6323602882003	1075.2275554527755
0.315	1300.5002598712092	1108.2431832989287
0.325	1338.1460240322576	1141.1112814097498
0.335	1375.5702136607997	1173.8316025461172
0.34500000000000003	1412.7734262757485	1206.4039280849147
0.35500000000000004	1453.4424881173277	1242.0623248588238
0.365	1486.5194863239717	1271.103858618662
0.375	1523.063700930417	1303.2311658942904
0.385	1559.3896704636195	1335.2098812964107
0.395	1595.498157362308	1367.0399232186694
0.405	1631.3899534864863	1398.7212361657919
0.41500000000000004	1667.0658789628164	1430.2537903002847
0.425	1702.526781046101	1461.6375809811425
0.435	1737.7735329977106	1492.8726282953553
0.445	1772.8070329817206	1523.9589765830015
0.455	1807.6282029794493	1554.8966939566833
0.465	1842.2379877230169	1585.6858718160506
0.47500000000000003	1876.6373536484734	1616.32662435813
0.485	1910.8272878689845	1646.8190880841557
0.495	1944.8087971684886	1677.1634213035843
0.505	1978.5829070161917	1707.3598036359354
0.515	2012.150660602201	1737.4084355111004
0.525	2045.5131178945392	1767.3095376687147
0.535	2078.671354717747	1797.0633506571849
0.545	2111.6264618532077	1826.6701343329232
0.555	2144.379544161304	1856.1301673603293
0.5650000000000001	2176.931719725455	1885.4437467130285
0.5750000000000001	2209.2841190180625	1914.6111871768583
0.585	2241.4378840883223	1943.632820855061
0.595	2273.3941677718663	1972.5089966761348
0.605	2305.1541329221222	2001.2400799047496
0.615	2336.7189516632798	2029.8264516561342
0.625	2368.0898046647035	2058.268508414303
0.635	2399.2678804366237	2086.5666615544746
0.645	2430.254374646882	2114.721336870013
0.655	2461.0504894585274	2142.732974104203
0.665	2491.6574328880015	2170.6020264871413
0.675	2522.076418183647	2198.3289602780224
0.685	2552.308663224267	2225.9142543130583
0.6950000000000001	2582.3553899374247	2253.3583995592653
0.7050000000000001	2615.1939782760282	2283.3845327391305
0.715	2641.8971929809295	2307.8252655727633
0.725	2671.394728445038	2334.8490249984534
0.735	2700.7116628188733	2361.7337121038963
0.745	2729.849230216948	2388.4798720361214
0.755	2758.8086657087597	2415.088059529517
0.765	2787.5912048659993	2441.5588385056444
0.775	2816.198083326738	2467.892781680136
0.785	2844.630536376227	2494.090470176767
0.795	2872.8897985439417	2520.1524931487747
0.805	2900.9771032164776	2546.079447407469
0.8150000000000001	2928.8936822659334	2571.8719370582
0.8250000000000001	2956.6407656933998	2597.5305731437015
0.8350000000000001	2986.9682553114553	2625.6012093005393
0.845	3011.6313542953053	2648.4487613888014
0.855	3038.8773071121764	2673.7095672146493
0.865	3065.9586589786068	2698.8390261463655
0.875	3092.8766256952513	2723.8377788232474
0.885	3119.632419348848	2748.7064708376956
0.895	3146.227248050973	2773.4457524303534
0.905	3172.662315688945	2798.056278192551
0.915	3198.9388216885327	2822.5387067760157
0.925	3225.057960788104	2846.893700609793
0.935	3251.0209228238823	2871.121925624325
0.9450000000000001	3276.828892525972	2895.2240509826174
0.9550000000000001	3302.4830493248196	2919.2007488184354
0.965	3327.9845671677813	2943.0526939814417
0.975	3353.334614345482	2966.780563789215
0.985	3378.534353327648	2990.3850377860535
0.995	3403.5849406081047	3013.8667975084863
1.005	3428.4875265586434	3037.2265262574037
1.015	3453.2432552914515	3060.4649088767073
1.025	3477.853264529828	3083.5826315383965
1.035	3502.318685486894	3106.5803815339855
1.045	3526.6406427520287	3129.458847072151
1.055	3550.820254184753	3152.2187170825214
1.065	3574.8586308158087	3174.8606810254887
1.075	3598.7568767551656	3197.3854287079516
1.085	3622.5160891067158	3219.7936501048744
1.095	3646.1373578894077	3242.0860351865667
1.105	3669.62176596458	3264.263273751564
1.115	3692.970388969269	3286.3260552650127
1.125	3716.184295255266	3308.275068702441
1.135	3739.264545833697	3330.1110023988194
1.145	3762.212194324927	3351.834543902789
1.155	3785.028286913568	3373.4463798359584
1.1649999999999998	3807.7138623084015	3394.947195757161
1.1749999999999998	3830.2699517070114	3416.337676031555
1.1849999999999998	3852.697578764949	3437.6185037044743
1.1949999999999998	3874.9977595692408	3458.7903603799077
1.2049999999999998	3897.1715026160555	3479.8539261035107
1.2149999999999999	3919.219808792376	3500.8098792500423
1.2249999999999999	3941.1436713614876	3521.6588964151188
1.2349999999999999	3962.9440759521362	3542.401652311184
1.2449999999999999	3984.6220005511977	3563.0388196675954
1.255	4006.178415499701	3583.5710691347194
1.265	4027.614283492061	3603.9990691919393
1.275	4048.9305595783853	3624.3234860594785
1.285	4070.128191169704	3644.544983613934
1.295	4091.208118046009	3664.6642233074344
1.305	4112.171272366952	3684.6818640903175
1.315	4133.018578685098	3704.59856233724
1.325	4153.750953961604	3724.414971776626
1.335	4174.369307584201	3744.131743423362
1.345	4194.874541387395	3763.7495255146487
1.355	4215.267549674727	3783.268963448929
1.365	4235.549219243061	3802.690699727794
1.375	4255.720429408728	3822.0153739007915
1.385	4275.782052035468	3841.243622513057
1.395	4295.7349515640835	3860.3760790556707
1.405	4315.579985043687	3879.413373918678
1.4149999999999998	4335.318002164465	3898.3561343466868
1.4249999999999998	4354.949845291901	3917.2049843969608
1.4349999999999998	4374.476349502328	3935.960544899945
1.4449999999999998	4393.898342619786	3954.6234334221417
1.4549999999999998	4413.216645254066	3973.1942642312656
1.4649999999999999	4432.432070839899	3991.6736482636093
1.4749999999999999	4451.545425677203	4010.062193093553
1.4849999999999999	4470.5575089723325	4028.3605029051464
1.4949999999999999	4489.469112880263	4046.569178465697
1.505	4508.281022547642	4064.688817101309
1.515	4526.994016156664	4082.7200126742937
1.525	4545.608864969692	4100.663355562411
1.535	4564.126333374598	4118.519432639867
1.545	4582.547178930738	4136.288827260005
1.555	4600.872152415537	4153.972119239663
1.565	4619.10199787163	4171.5698848450975
1.575	4637.237452654501	4189.082696779456
1.585	4655.279247480591	4206.511124171734
1.595	4673.228106475828	4223.855732567157
1.605	4691.084747224528	4241.117083918949
1.615	4708.8498808186505	4258.2957365814245
1.625	4726.524211907345	4275.392245304386
1.635	4744.108438746768	4292.407161228738
1.645	4761.603253250149	4309.34103188331
1.655	4779.009341038028	4326.1944011828255
1.665	4796.327381488694	4342.9678094269775
1.6749999999999998	4813.558047788747	4359.661793300574
1.6849999999999998	4830.702006983771	4376.276885874708
1.6949999999999998	4847.759920029097	4392.813616608915
1.7049999999999998	4864.732441840628	4409.272511354283
1.7149999999999999	4881.620221345683	4425.654092357467
1.7249999999999999	4898.423901533872	4441.95887826559
1.7349999999999999	4915.144119507941	4458.187384131978
1.7449999999999999	4931.781506534587	4474.34012142271
1.755	4948.336688095227	4490.417598023932
1.765	4964.810283936686	4506.420318249933
1.775	4981.20290812179	4522.3487828519055
1.785	4997.5151690798575	4538.203489027419
1.795	5013.747669657056	4553.9849304305235
1.805	5029.901007166625	4569.693597182493
1.815	5045.975773438931	4585.329975883151
1.825	5061.9725548713595	4600.894549622785
1.835	5077.891932478015	4616.38779799459
1.845	5093.734481939229	4631.810197107645
1.855	5109.500773650855	4647.162219600375
1.865	5125.191372773339	4662.444334654493
1.875	5140.8068392805635	4677.657008009393
1.885	5156.347728008442	4692.800701976963
1.895	5171.81458870327	4707.875875456809
1.905	5187.207966069807	4722.882983951874
1.915	5202.528399819095	4737.822479584405
1.9249999999999998	5217.776424715994	4752.694811112286
1.9349999999999998	5232.952570626436	4767.500423945684
1.9449999999999998	5248.0573625643865	4782.239760164018
1.9549999999999998	5263.09132073851	4796.913258533212
1.9649999999999999	5278.054960598529	4811.521354523229
1.9749999999999999	5292.948792881272	4826.064480325862
1.9849999999999999	5307.773323656405	4840.543064872771
1.9949999999999999	5322.529054371858	4854.957533853747
