23.152287
22.419544
23.018805
22.993738
23.291710
23.466484
23.305809
23.361494
23.631472
23.460960
23.221598
23.178967
22.980913
23.335251
23.469255
23.384336
23.460503
23.992699
23.074310
22.950695
23.337709
23.297132
22.675676
22.898281
22.507719
23.306564
23.089720
23.584236
23.701969
23.607605
23.167032
22.412270
22.901495
23.003649
23.386332
23.131220
23.362490
23.594648
22.947990
23.753803
23.839458
22.853445
23.055027
22.553137
23.053514
23.463154
23.042301
23.599709
23.985746
23.368879
22.620863
22.402617
23.226725
22.635460
23.717112
22.925976
23.839396
23.577471
23.331198
22.954588
23.628021
23.075157
23.752739
23.334589
23.141737
23.241369
23.148205
23.266506
23.267094
23.349159
23.016056
23.856123
22.702600
23.198973
23.469234
23.415005
23.163725
22.936775
23.047770
23.516945
24.077084
23.326185
23.821602
23.563921
23.686424
23.688353
23.694641
23.277586
23.415449
23.543783
23.666094
23.435623
24.241140
22.982271
23.139002
23.209795
23.333748
23.025177
22.987349
22.576105
23.780020
23.388981
23.486488
23.299610
23.186934
23.056641
23.134521
22.853027
23.379295
22.919031
23.633259
22.776480
23.508642
23.723444
22.880421
23.358143
23.044134
23.661634
22.986122
23.121605
23.128761
23.141838
22.895462
23.552996
22.789255
23.536333
23.158100
23.476877
23.820934
23.134438
23.595577
22.925861
23.611473
23.416460
23.874250
22.849255
23.181152
23.285597
24.200871
23.320923
23.256037
23.217306
23.182844
23.460003
23.787409
23.105005
22.961857
23.212391
23.090010
22.906952
23.903053
23.474585
23.067474
23.427807
22.699987
23.791737
23.505608
23.740517
23.392805
23.673931
23.026264
23.017952
22.760592
23.256798
23.309179
22.962725
23.765533
23.169643
22.969912
22.295315
22.971478
22.878147
23.019857
22.876377
22.553553
23.158115
22.827465
22.980207
22.298328
23.438255
23.172058
23.360659
22.653748
23.294687
23.488630
23.856663
23.808207
23.676586
23.389357
23.649477
23.080473
22.848797
23.282112
23.225983
22.917400
23.393166
24.139959
23.405632
23.173901
23.282036
22.790644
23.313248
23.517420
23.228548
23.234571
22.756824
22.523296
22.712709
22.909149
22.792738
23.445541
23.878248
22.863716
23.692276
23.463352
23.280277
23.429007
23.251047
23.932278
23.817736
22.773132
23.326700
23.457443
22.859077
23.399660
22.667538
22.871183
23.260752
23.697329
23.632647
23.215532
22.937399
23.442825
23.423544
22.961252
23.380888
22.995245
23.480017
23.317877
23.174927
23.379684
22.940643
23.283291
23.078083
23.452831
23.135399
23.219309
23.154894
23.501917
23.777981
23.188982
23.197998
23.541885
23.085855
23.563124
23.543228
23.458941
23.255007
23.355614
27.516863
28.049713
26.562307
26.966675
27.005390
26.289394
26.120523
26.943729
27.779009
26.167332
26.625668
27.403509
27.260864
27.335918
27.002028
26.592813
27.103230
26.794739
26.829105
26.230263
27.158718
26.889029
26.746773
27.106756
26.992561
27.600475
27.325172
26.600424
26.339668
26.912500
26.785116
27.084917
27.067955
26.690905
27.936951
26.149431
26.462568
27.162386
26.961859
26.592594
26.608732
26.207304
27.419279
27.077806
26.964182
26.917431
27.024092
26.203388
26.364323
26.988230
27.040352
26.568525
26.335657
26.083012
26.617350
26.917122
26.661308
26.898596
26.798580
26.545448
26.715961
27.953915
29.861259
29.301815
28.852465
28.867559
27.421093
28.881165
28.384003
27.118580
26.680515
26.839088
26.630669
26.948599
27.281631
27.369392
26.388138
26.641167
25.625376
26.678461
26.314087
26.813713
26.143124
26.872490
26.074245
26.564278
25.641132
26.394157
27.281412
26.774126
27.006557
25.946659
26.395967
26.884724
26.361860
26.726835
27.613255
26.246628
27.191616
26.804911
26.968842
26.740166
27.161316
26.661423
26.641611
26.543715
26.273705
26.721607
26.585993
25.732946
26.237709
27.243282
26.622786
26.827450
26.764492
26.895439
26.821030
27.129839
26.990948
26.442297
26.834036
27.292068
25.775908
25.264938
24.968002
25.160250
25.524151
25.772051
25.175749
26.365202
24.276773
25.274323
25.967497
25.888802
25.404255
25.867043
24.875231
25.458759
25.194965
25.277897
25.358244
25.407318
25.494604
25.906826
25.027670
25.825974
25.355764
25.708469
25.454016
25.059708
25.522537
25.477903
25.881323
25.466726
25.976387
24.822409
25.600025
25.023632
25.754011
24.524660
25.827984
25.454264
24.943388
25.687424
24.778383
25.661068
25.398485
25.167721
25.257181
25.253149
25.098171
25.280642
24.846296
25.563831
24.878254
25.523012
25.182634
25.603485
24.602737
25.001209
25.166302
25.615192
25.415081
25.470325
25.260036
25.488005
25.180624
25.692484
25.097130
25.474636
25.578051
25.382635
25.806915
25.794313
25.477287
25.353062
25.490486
24.610830
25.173655
25.947124
25.093979
25.519016
25.433548
24.808165
25.606911
24.780233
25.325277
25.519054
25.883579
25.095661
25.191048
25.493166
25.610394
25.482033
25.984133
25.802856
25.277954
25.123348
24.426651
25.166414
25.169767
25.464092
25.730600
25.091808
25.351292
25.270517
25.839886
25.233603
24.908653
25.685024
25.206230
25.278742
25.833923
24.873373
25.377571
25.682056
25.093254
25.592747
24.365738
25.715281
26.057344
25.990179
25.759926
25.374622
25.474092
25.557915
26.722618
25.692217
25.373590
25.376564
25.597322
25.437170
25.200689
24.958281
25.715611
26.029217
25.617500
25.452562
25.572014
24.680790
25.501966
25.269169
25.706554
25.713720
26.062447
26.320246
25.637774
25.488655
25.570595
25.517553
25.576378
25.927158
26.032690
26.336786
25.482981
26.160105
25.740072
24.989708
25.627075
25.603928
25.968529
25.190390
25.049768
26.086349
25.079428
25.575760
26.770041
25.817846
25.763521
25.190584
24.210962
25.650345
25.156927
26.003271
25.363670
25.761244
25.529240
25.347525
25.100494
25.471092
24.757111
25.646358
25.514675
25.637753
25.385368
25.765951
25.033541
25.201611
26.195204
25.315638
25.871384
26.273323
25.576698
25.502945
24.884695
25.329433
25.007200
25.493048
26.279217
25.431667
24.880638
25.968357
25.941881
25.061686
26.587559
25.476366
24.903061
25.736847
26.183735
26.467812
24.376976
25.974388
24.984240
25.147755
25.459463
25.331608
25.110201
26.090618
24.982042
26.474319
25.540863
25.360323
26.246964
25.502390
26.105623
26.251875
26.025799
26.048506
25.867535
25.878506
25.281616
25.682547
25.622971
25.434263
25.414354
26.353586
25.784758
25.618406
25.233944
26.182135
25.933138
24.982510
25.203825
26.284735
26.109791
26.168335
26.228617
25.086094
25.090174
25.530807
25.571903
25.749979
25.253862
25.096674
25.318733
25.235989
25.770248
26.223125
25.003990
26.109829
26.062069
25.048983
25.626102
25.981369
25.558027
25.957180
25.733580
25.762047
25.061741
26.223780
25.386812
25.373989
25.927235
25.065491
24.606449
25.543850
25.040159
25.724951
25.419065
25.367146
25.455116
25.161615
25.181463
25.800892
25.732374
25.766605
26.151335
25.945538
25.682571
25.674141
25.347628
25.469084
25.337318
25.049828
25.988451
25.800270
25.955139
25.694822
26.074152
25.902937
25.277880
25.547125
26.008251
26.533587
25.021984
24.812744
25.019293
25.227024
26.234501
25.893837
26.056818
24.948141
25.403437
25.739279
25.133833
25.520603
25.140890
25.348114
25.749111
25.242668
24.891743
25.662910
25.522129
25.924883
26.180071
25.380201
25.123085
25.406919
25.014042
25.426785
26.162163
25.544506
25.971117
25.955755
25.266068
25.461849
25.654016
25.943369
25.678761
25.412535
25.905359
25.309313
24.995785
25.405640
24.358568
25.753059
25.521706
25.300842
25.723703
25.956726
24.523638
24.808542
25.158764
25.021395
25.252975
25.377214
25.929129
25.614542
26.019196
25.894306
26.033840
25.797150
26.428778
25.693018
25.416958
25.309862
26.311396
26.026022
24.763050
26.295441
26.061756
25.423199
25.871138
25.651907
25.664534
25.687590
25.138321
25.809727
24.843641
26.164484
25.950535
25.404634
24.695694
24.887142
26.025421
24.824314
26.104956
25.378559
24.852936
24.996561
25.727840
25.573582
26.240414
25.838388
26.249605
25.411095
26.735903
24.731787
25.135962
25.664776
25.386549
26.080978
25.966316
25.235523
26.059452
25.262501
25.671938
24.979580
25.466730
26.193213
26.057003
25.532928
26.238501
27.519485
26.482630
26.175997
26.496046
27.286489
25.590210
25.803263
25.977644
25.769209
26.074425
25.787516
25.607155
25.833828
26.596361
25.923861
26.477921
25.372261
26.682497
26.385557
26.244938
26.128410
25.619827
26.408575
25.501331
25.559977
25.472425
25.713400
26.370298
25.049534
25.514822
25.614214
26.330910
26.207872
25.727661
26.318497
26.003672
26.531347
26.153446
26.572105
26.878622
26.162374
26.603939
25.378428
26.527248
27.061525
25.926872
26.165600
25.735935
25.761578
26.639778
26.851118
26.111732
25.764387
26.536526
26.161343
25.739489
26.350691
26.742245
26.455500
25.861717
26.490316
25.633337
26.685904
26.604866
25.406713
26.315027
26.428297
25.626337
26.515669
27.744837
26.271217
26.854721
27.562222
26.959261
27.005234
26.846992
26.088514
27.143822
27.183243
27.606289
26.613554
27.381670
27.062811
26.301933
26.785994
26.200996
26.149181
27.841297
26.606983
25.599018
26.312586
26.588484
26.525753
26.749237
26.543884
26.318604
27.173885
26.104265
26.438837
26.427660
27.396172
26.473516
26.648653
26.660254
26.392231
26.498743
27.190613
27.711979
26.523964
27.581051
27.601765
26.858891
27.149170
26.926088
27.441242
28.023836
27.360813
27.402380
27.490637
27.126881
27.705652
27.599125
25.933493
27.515301
27.725008
27.227673
26.861408
27.472340
27.273439
27.628994
27.073463
27.484787
27.285770
26.945938
26.623707
26.663090
26.829672
25.844624
26.256212
26.570587
26.655518
26.632132
27.009869
26.740297
27.241440
26.927223
26.779947
26.706766
25.664125
26.217766
26.012217
26.986650
25.418991
26.906935
26.668367
26.617676
26.488596
26.599960
25.972149
26.108076
26.515087
25.827723
26.264145
27.683922
27.250040
27.333464
26.225090
25.900106
26.314497
26.779350
25.444784
26.382099
26.841549
25.673029
26.101488
26.867716
26.156672
26.036915
26.633905
26.539293
26.613548
26.546894
26.987507
26.872156
26.472752
26.189173
26.533169
25.956251
26.073338
26.808043
26.631365
27.321730
26.519629
26.052286
26.821873
26.978292
26.522953
26.283270
26.370701
25.914251
27.061081
25.862392
27.064684
26.553463
26.292555
26.394888
25.617140
25.963697
27.369421
26.145350
25.704126
27.071329
26.200129
26.341574
26.070175
26.166618
25.990980
26.613363
26.407232
26.513493
26.521461
25.734369
25.986019
26.306042
26.955479
26.167150
25.892080
27.061371
25.693928
26.277456
25.400932
26.833221
26.109190
26.522751
26.018738
27.176237
26.353577
26.387878
26.775284
27.621248
26.400543
26.033392
26.616146
26.333658
26.054249
26.158957
25.868000
27.271080
25.996174
26.232130
25.674789
27.078581
26.535204
26.332472
26.409256
26.182957
26.194525
26.030672
26.126680
26.646896
26.178417
26.254995
26.293440
25.918093
26.312063
25.810740
26.577824
26.215565
25.864149
26.167564
26.143332
26.300594
26.527042
25.985100
25.983677
26.552284
26.303234
26.019968
26.140236
25.856564
26.531986
25.987564
26.030354
26.746916
26.631889
25.738035
26.287663
26.284197
26.504299
26.349407
25.606676
26.263803
26.360823
26.338291
26.108904
25.510201
25.971209
25.825222
26.095413
25.894592
26.455009
25.879892
25.831654
26.571892
26.004204
26.448030
25.935862
25.786814
26.020561
25.844591
26.058624
26.034721
25.757706
26.467829
25.856104
26.067268
26.622782
26.054903
25.944635
26.222754
25.983521
25.973324
25.897316
26.460787
26.079910
26.516783
26.033461
27.175636
25.979889
26.251526
25.600637
25.970356
25.734474
26.327497
26.287628
25.493114
26.208614
25.854380
25.985405
26.048491
25.885681
26.147707
25.727634
25.697680
26.276297
26.074387
26.476542
26.205145
25.850658
26.390469
26.403334
25.988028
25.946001
26.048977
26.723972
26.473843
27.288452
27.147703
27.211090
27.113499
26.806368
25.639353
26.831232
27.001905
26.789484
26.970991
26.704470
26.573029
26.891687
26.373917
27.972536
26.633575
26.438107
27.439590
26.566612
26.796160
26.769201
26.526752
26.907286
27.497440
26.539709
27.202415
27.067902
26.826979
26.891201
27.174339
27.636730
26.833235
26.716030
27.039320
27.516483
27.219414
26.552483
26.255548
27.095793
26.856157
26.884415
26.469822
27.237902
26.715027
26.516823
26.555281
26.605406
27.001842
26.676638
26.528088
26.797455
26.931757
27.054489
25.902727
25.951641
25.851725
25.455978
25.526615
25.764530
25.830908
25.578852
25.889378
25.399176
26.039612
26.096209
25.809582
25.892746
26.111027
25.930449
25.388945
25.855665
26.376793
26.226566
25.887497
26.219023
25.560905
26.093765
25.430355
25.292124
25.016182
25.541719
25.510305
26.003145
25.531849
26.770266
25.844000
26.265589
25.320278
26.095293
25.629902
25.880424
25.150747
25.994780
24.969097
26.193254
25.054138
25.978701
25.592350
26.717903
25.718304
25.437696
25.841021
25.933565
26.842279
26.460068
25.134623
26.126644
24.713585
26.385077
25.182587
26.023140
26.245785
25.732660
25.436943
25.645388
26.040861
25.186630
26.128199
25.978380
24.919880
26.431360
25.496983
25.547382
25.880304
26.445711
25.837717
26.105194
25.997873
26.153236
26.159540
26.087172
25.999702
25.219709
25.389210
25.739365
26.161123
26.659603
25.460312
25.534836
25.475637
25.264069
25.698002
26.165731
25.965816
25.602221
25.403093
25.049236
25.901337
25.279465
24.657562
25.796818
26.331928
25.391264
25.298023
25.134098
26.211485
25.953823
25.323393
26.048649
26.109159
26.158880
24.539886
23.791824
25.302834
25.314972
25.852676
24.475502
24.793242
26.014544
24.198927
24.304472
24.724588
25.016535
23.982004
24.908037
25.179262
25.622847
24.769794
24.761869
25.326496
24.984756
25.498344
24.932230
25.045708
25.223320
24.636528
24.794353
25.165758
25.011026
24.735748
24.826624
24.489304
24.088511
24.975668
25.521732
25.043129
24.902229
25.191078
25.167362
24.808838
25.308273
24.995667
24.763880
24.985325
24.651766
24.546925
24.979790
25.442413
25.057199
24.851740
25.553001
25.490406
25.729866
25.108471
25.390619
25.748453
25.714735
25.277548
25.873337
25.914204
25.989071
25.891350
26.143965
25.975782
25.826981
26.444286
25.693457
26.168705
25.427301
25.829224
25.853424
25.444439
25.942480
25.374447
26.390274
26.357483
25.575693
25.772182
24.913401
25.842213
26.494341
27.093166
27.397072
27.266970
27.336943
26.615158
26.220064
26.085714
26.654530
26.084314
26.333893
27.347672
26.664639
26.941338
27.589340
27.808250
28.063591
26.773684
26.792980
27.570774
26.579735
26.879402
26.262325
27.386806
27.054142
27.977711
26.942120
27.019016
27.034729
27.075329
27.478201
27.097378
27.595715
26.633080
27.814091
27.733273
27.553663
27.903172
28.093571
27.248314
27.798462
26.919922
26.585985
27.557640
27.550575
27.182945
26.544640
27.187477
27.911438
26.714439
26.907171
27.018845
27.327929
26.084627
27.008362
27.467484
27.459211
27.065571
27.960579
26.666500
27.125187
27.201183
27.772926
26.884811
27.567703
26.989393
26.820955
26.590075
27.787325
27.089048
27.235947
27.138639
27.039135
26.636560
27.323248
26.997122
27.001703
27.802896
27.163836
26.747534
27.022068
28.548508
27.342266
27.338352
27.294937
27.347496
26.920673
26.510880
27.777426
26.426554
27.433750
27.051197
27.540903
27.271454
27.899357
27.260746
27.203255
26.759329
26.131226
26.904440
27.174641
26.811876
26.839489
27.396214
26.197409
25.969799
26.416767
25.276369
25.870413
25.464994
26.748608
26.424227
25.411095
26.295631
26.223494
25.749975
26.810572
26.599539
26.332827
25.690542
26.278082
25.825365
26.352396
25.802114
26.301926
26.109459
26.304688
26.702677
25.832952
25.596355
25.696621
25.518429
26.825539
25.495535
26.267645
26.131651
25.705721
26.374035
26.625086
26.670420
25.878466
26.224728
26.021826
25.746256
25.579018
25.571917
26.599009
25.665918
26.750397
25.894995
25.689699
25.286224
26.897566
25.773224
26.446896
25.440657
25.788174
26.456940
26.258276
26.571678
26.223785
25.437176
25.504658
26.189674
25.459908
25.950697
26.212786
26.025482
25.875391
25.585939
26.611290
26.175980
25.541807
25.619623
25.758505
25.311392
26.612661
25.898579
25.557726
26.878967
26.677074
26.202148
25.717882
25.392323
26.932453
26.425694
25.933273
25.525982
25.817558
26.139631
26.159332
25.639675
26.305588
25.940132
26.223923
25.946623
26.626837
26.137514
25.325235
26.168232
26.323961
25.544098
25.211998
25.564646
25.352167
25.596910
25.936752
26.712315
25.798229
26.567001
25.858707
25.988953
25.722363
25.567469
25.803484
25.401430
26.078945
25.856659
26.416727
25.990917
25.534090
25.419960
26.124638
25.447512
26.912754
25.965393
25.497742
26.152555
26.296638
26.005787
25.961157
25.641197
25.455486
26.088005
26.182037
26.764385
26.316998
25.749338
25.984982
25.830805
26.428295
25.513109
26.333252
26.291332
25.760517
25.652342
26.108866
26.287750
26.234499
25.965155
25.957544
25.912945
26.121265
26.048429
25.368504
26.406252
26.178568
25.383524
26.115162
26.607811
25.912811
25.110477
25.962582
26.258589
25.800797
26.604578
27.019321
27.354479
25.370754
24.616344
24.327965
24.712635
24.639605
24.462328
25.070835
24.891987
25.126793
24.865721
24.192255
24.594610
24.383230
24.371014
25.055841
24.867889
24.558180
24.349562
24.717979
24.232775
25.237965
24.490444
24.854151
24.601912
25.020130
24.585114
23.780878
24.427536
23.875967
24.892775
24.339966
24.364202
23.833202
24.468683
24.505915
25.255768
24.626034
23.467319
24.621351
25.250807
24.916855
24.419140
25.072474
24.396553
24.092543
24.856941
24.535580
24.782272
25.137009
25.290401
25.144104
24.350946
24.211250
25.090492
24.729040
24.853615
24.537989
24.117439
24.058031
24.775261
24.814545
25.005814
24.685427
24.339273
24.243143
24.204090
25.169641
24.772810
25.438335
24.457523
24.333954
24.519281
24.500137
25.433058
24.873552
24.781935
24.673775
24.625095
24.456202
24.283417
25.071337
24.573959
24.601397
24.707588
24.687939
24.779371
24.257353
24.158623
24.994701
24.402071
23.596390
24.502098
24.303978
23.969149
25.210138
24.471531
24.978676
25.048277
23.905334
25.032185
24.547947
24.772957
24.045401
24.117298
24.853579
24.731174
24.695757
24.395477
25.474329
24.800753
24.038521
24.845770
24.443449
24.226074
24.276625
23.827383
24.553398
23.823538
24.905190
25.114536
24.266382
24.630507
24.544197
24.003696
24.912069
24.812298
24.208340
24.695435
25.141670
23.844978
24.726130
24.134024
24.543844
24.407257
25.124353
24.800419
24.428864
24.192715
24.399469
24.023018
25.238739
24.589865
24.807344
24.443169
25.235392
24.961399
24.296085
23.762489
24.432919
23.673569
24.322374
24.421318
23.900534
24.228607
25.728029
24.721684
24.475191
24.589991
24.288620
24.879606
24.180149
23.416452
24.322403
24.716265
24.881687
24.607172
24.974991
24.673992
24.554247
24.920343
23.617090
24.563852
24.414295
24.265036
24.914730
24.951851
24.658009
24.280497
25.194614
24.222889
24.183697
24.397583
24.183290
24.491831
24.763803
24.663673
25.026598
24.429071
24.605831
24.462873
25.195608
23.659004
24.955503
24.261963
25.082926
24.552189
24.921442
23.669201
24.915184
24.894852
24.714142
24.412083
25.191221
24.746269
24.959532
25.055882
24.033262
25.302509
24.682577
24.125671
23.820265
25.390963
24.286333
25.288862
24.388357
24.508282
24.564440
24.895548
24.695618
24.704309
24.204794
24.415257
24.235214
24.903078
24.923506
24.670610
24.384575
24.495359
24.061884
24.574120
25.275114
24.354740
24.086128
24.743252
24.748215
25.288271
25.044893
24.244396
24.960548
24.052933
24.430214
25.212336
23.806934
25.203485
24.218872
24.539333
25.468552
24.860884
25.051645
25.690540
24.939833
24.205317
26.427963
28.069405
27.092106
26.638096
28.393709
27.133291
27.707895
27.486803
27.120834
26.586185
27.741962
26.721495
27.293167
27.909790
26.414705
27.567081
26.925768
26.311817
27.333652
27.104767
26.967737
26.995874
26.607952
25.506310
26.528759
26.557747
25.591566
26.763308
25.917637
26.051012
27.185167
26.119371
26.003542
26.049314
26.441780
26.870430
25.816517
25.932306
26.801464
26.995924
25.951015
25.845980
25.621370
25.466743
26.717468
25.483212
26.694815
26.228662
26.511301
25.931355
26.576174
25.223730
26.052607
26.054173
26.171989
26.099068
26.813650
26.066977
26.165735
26.826271
26.933264
26.498159
27.927843
25.613863
26.307220
26.519440
26.365738
26.321171
26.032875
26.655104
26.035217
26.525969
25.813206
26.889469
26.806301
25.236879
26.579344
26.457771
25.453608
26.243544
25.733408
25.720758
24.939823
25.285950
25.279774
26.196022
25.627512
26.521065
25.052267
25.917175
26.564405
25.388603
26.028883
25.992926
25.339203
26.721674
28.299381
26.296324
28.473612
28.703720
28.917709
28.576553
27.128611
27.639132
26.750223
27.788004
26.966560
27.041866
27.913160
26.559429
27.479937
27.222191
27.483253
27.093418
26.680756
27.071404
27.484718
26.784491
27.279264
27.453217
26.847906
27.405579
27.044785
27.068672
27.236885
26.789398
27.026436
26.422644
27.207783
26.386234
26.162376
26.302135
26.177103
26.554785
26.601898
26.475109
25.715569
26.920729
26.700739
25.842985
27.522015
25.852074
26.355581
26.995316
26.914133
27.388109
26.737152
26.708652
26.418522
27.122343
27.044666
26.884867
26.696436
26.361410
26.983240
26.367107
27.062670
26.887171
26.210447
26.465509
27.176542
26.631958
27.501856
27.511375
27.206989
26.985981
26.934229
27.590351
27.598154
26.797913
27.243565
26.972101
28.448980
27.579468
27.315382
28.190563
28.126642
27.589640
27.623804
28.209091
27.843805
28.734068
29.034786
27.300730
27.964516
27.849325
27.200089
28.524281
28.561235
27.561319
28.083075
27.234438
27.539356
28.005417
27.963297
28.160551
28.006254
27.069456
28.293877
27.804392
28.139240
28.104715
28.893274
27.860531
26.529627
29.062204
27.349865
28.365587
27.419756
27.135349
27.277632
27.232109
27.114689
27.061014
27.286263
26.566271
26.168953
26.716949
27.387320
26.877047
26.738182
26.409845
26.861822
27.224661
26.862080
25.875694
27.625544
26.902664
27.075790
26.455673
26.815622
27.262590
27.214445
27.159988
27.459120
26.982513
27.131838
27.347214
27.145374
26.545485
26.782810
27.309433
-6.044775
-5.545706
-5.809412
-5.648382
-6.400572
-5.754530
-5.900349
-6.146103
-5.621864
-6.315458
-6.818279
-6.016518
-6.102016
-6.109112
-6.547571
-5.751881
-6.363174
-6.818443
-5.841896
-5.860111
-6.322992
-5.683113
-5.365330
-5.614571
-5.876392
-5.750780
-5.701717
-5.641260
-5.642338
-5.700569
-6.218704
-5.723070
-5.621447
-6.513836
-5.283514
-5.560957
-5.682869
-4.934906
-5.953400
-5.709671
-5.384264
-5.706438
-5.208942
-5.562141
-6.022455
-6.198233
-5.238766
-5.190062
-6.116079
-5.374760
-5.545958
-5.699242
-6.298578
-5.917530
-5.358126
-5.322252
-5.506681
-6.410553
-5.895395
-5.850937
-5.103010
-5.890165
-6.221169
-5.356325
-5.439220
-5.876804
-5.792553
-6.234484
-5.961679
-6.601278
-5.786627
-6.163507
-5.706316
-5.752340
-6.054245
-6.213440
-6.156136
-5.769470
-6.235054
-6.408787
-5.534817
-6.177483
-6.129467
-5.102455
-5.177622
-6.132032
-5.698708
-6.332605
-5.608686
-6.205503
-5.908279
-5.907698
-4.805037
-6.568504
-6.293341
-5.265966
-6.519258
-5.548935
-5.599758
-5.267849
-5.860199
-6.067463
-4.481806
-5.523340
-6.026087
-5.796450
-6.327930
-5.562931
-6.112122
-7.110531
-6.203112
-5.456720
-5.757057
-5.691229
-5.789650
-5.479885
-6.056683
-6.070992
-5.587238
-5.731308
-6.049168
-5.572029
-6.529392
-5.809942
-5.384340
-6.592710
-5.428967
-5.639507
-5.565826
-6.275913
-5.551340
-5.838238
-6.408066
-6.746893
-5.726025
-5.619942
-6.513903
-6.537111
-6.402187
-6.236963
-5.464863
-5.732365
-5.941414
-5.907225
-5.802952
-5.508076
-5.808147
-5.827017
-6.227455
-6.790257
-5.582638
-6.184593
-5.459225
-5.972591
-5.255699
-5.433990
-5.939571
-6.558830
-5.966333
-6.631865
-4.906115
-6.638515
-5.927902
-5.856743
-6.158644
-5.831833
-5.399397
-6.222954
-6.479307
-6.489414
-5.152960
-5.372801
-6.224388
-6.387022
-5.812258
-6.410339
-5.229214
-6.178070
-5.278738
-5.715048
-5.523584
-5.012110
-5.663635
-4.883646
-6.351313
-6.182266
-6.194784
-6.033754
-5.553312
-6.276186
-6.206083
-6.032503
-5.206554
-6.214926
-6.334145
-5.671507
-7.071220
-5.661362
-6.015406
-5.854536
-5.357697
-5.365221
-5.838078
-6.358608
-6.491081
-6.435434
-5.516277
-6.422447
-5.229774
-5.819986
-5.031891
-5.032722
-5.288427
-4.995157
-5.746244
-5.981146
-5.303701
-5.629818
-5.701088
-6.155439
-5.794775
-6.346098
-5.323936
-5.926996
-6.095270
-4.635527
-5.338646
-5.266506
-5.243303
-6.224636
-6.399338
-5.129086
-6.464710
-5.775867
-5.695486
-5.756134
-5.590471
-6.937933
-5.683641
-5.639555
-6.282616
-5.952475
-6.292923
-5.814037
-5.288990
-5.762236
-6.307499
-5.813587
-6.147470
-6.240837
-6.057589
-5.736738
-6.227383
-5.840942
-6.016737
-5.767508
-6.207190
-5.826965
-5.510317
-6.482609
-6.952944
-6.241007
-5.184444
-4.969717
-6.348331
-6.019842
-5.916716
-6.155096
-5.555714
-6.017992
-5.325916
-6.144594
-6.041964
-5.499712
-6.253456
-6.128719
-5.427902
-5.571953
-5.775330
-6.253305
-6.123272
-6.402626
-5.542202
-4.735569
-6.415556
-5.877119
-4.981249
-6.049370
-4.954651
-5.407532
-5.827747
-6.447916
-5.743673
-6.351980
-5.659422
-5.385841
-6.229038
-5.749058
-5.420538
-5.450466
-6.310635
-5.250429
-6.033047
-6.178236
-5.791597
-5.568510
-5.936354
-5.379059
-5.817797
-6.027504
-6.158997
-4.987261
-6.192713
-5.285311
-5.178875
-5.315933
-6.463234
-5.486326
-6.062475
-5.106665
-5.816925
-6.064491
-6.090347
-5.685059
-6.052063
-6.211502
-6.037523
-5.620070
-5.595888
-5.530605
-5.842104
-5.881084
-5.677650
-6.133509
-5.752119
-5.704836
-6.462013
-5.775995
-4.741823
-6.033670
-6.232147
-6.094152
-4.639711
-5.577459
-6.386389
-5.792379
-5.652439
-5.039156
-6.273636
-5.105330
-5.479584
-4.806499
-5.250637
-5.962397
-6.107435
-5.536385
-5.915489
-5.715561
-5.354891
-6.076607
-5.733397
-5.461042
-6.059118
-5.907898
-5.662947
-5.664751
-5.810274
-6.456329
-6.081644
-5.685747
-5.862514
-5.825989
-5.744612
-5.655100
-6.391256
-5.752396
-5.872089
-5.723160
-5.835938
-5.627634
-5.889112
-6.328968
-5.713064
-5.753761
-6.333818
-5.568636
-6.073242
-5.797123
-5.750946
-5.526108
-5.662975
-5.714537
-5.389431
-5.206093
-4.867701
-5.827702
-5.571686
-6.557388
-6.064539
-5.787926
-5.740576
-6.128304
-5.839025
-5.747707
-6.802746
-6.109705
-6.446901
-6.108042
-5.226486
-6.137627
-5.629835
-5.700066
-4.950701
-5.604454
-6.797903
-5.702730
-6.020813
-6.516010
-6.554987
-5.728914
-5.586700
-5.057705
-6.249798
-5.946289
-6.349844
-6.269966
-6.321533
-6.064718
-5.670717
-5.871643
-6.042847
-5.473282
-5.970108
-5.723988
-5.561792
-5.249224
-5.394152
-6.181267
-5.480919
-6.180876
-5.745144
-6.158142
-5.890480
18.669216
18.644770
18.423914
18.594296
18.507320
18.202240
18.564941
18.495867
18.583109
18.824057
18.543478
18.614614
18.819998
18.598782
18.498447
18.664488
18.485252
18.373947
18.477238
18.591997
18.514585
18.455605
18.515415
18.777029
18.478117
18.691368
18.623068
18.469110
18.549257
18.599215
18.424355
18.628386
18.280315
18.442490
18.601925
18.320040
18.329872
18.527308
18.692469
18.500582
18.662777
18.507730
18.626431
18.376757
18.405159
18.519308
18.533798
18.326584
18.470102
18.669081
18.363834
18.443787
18.398596
18.624483
18.339512
-5.998403
-5.960695
-6.155546
-6.046335
-5.865436
-6.102921
-5.991673
-5.923200
-5.947491
-5.946692
-5.996681
-5.917835
-5.855616
-5.787173
-6.060048
-5.906246
-5.804487
-5.968006
-6.051806
-5.858178
-5.784268
-5.826488
-6.104690
-6.035096
-5.998690
-6.008183
-5.842146
-5.968334
-5.730002
-5.903650
-5.817359
-5.855088
-5.844085
-5.845403
-5.771595
-5.950820
-6.056010
-5.896601
-6.000002
-5.808127
-5.932452
-5.970978
-5.981053
-5.842883
-5.832175
-5.775908
-5.948490
-5.818706
-5.936071
-5.777554
-6.021679
-5.974836
-5.836767
-5.937130
-5.962790
-5.947803
-5.788091
-5.914289
-5.792521
-5.896035
-5.869263
-5.746111
-5.973405
-5.993390
-5.876297
-5.882682
-5.938229
-5.890106
-5.945094
-5.856616
-5.897294
-5.966483
-5.921890
-6.003044
-5.803486
-6.018041
-5.792083
-5.810916
-5.875549
-5.851719
-5.846453
-5.872265
-5.872774
-5.780838
-5.839742
-5.779059
-5.819725
-5.906649
-5.776677
-5.901609
-5.843484
-5.706247
-5.991300
-6.001745
-5.782149
-5.747610
-5.849290
-5.783512
-5.857901
-5.717688
-5.910149
-5.954417
-5.790522
-5.946298
-5.783514
-5.912491
-5.880867
-5.918290
-5.955189
-5.998537
-5.963515
-6.021370
-5.853401
-5.697132
-5.940628
-5.866613
-5.962559
-5.959406
-5.947162
-5.875641
-5.952013
-5.896568
-5.937554
-5.883870
-5.987786
-5.900133
-5.921025
-5.713803
-5.924589
-5.831542
-5.921421
-5.963017
-5.847754
-5.870853
-5.896629
-5.754760
-5.994369
-5.925250
-5.912470
-5.788024
-5.755393
-5.896365
-5.960165
-5.934792
-5.912856
-5.941017
-6.030052
-6.049092
-5.918495
-5.970368
-5.942198
-5.944588
-5.965690
-5.854663
-6.035057
-5.912146
-6.098548
-5.875694
-5.759387
-5.944216
-5.986333
-5.987943
-5.937963
-5.884272
-6.006507
-5.745728
-5.970610
-5.854262
-5.937351
-5.854825
-5.957096
-5.965624
-5.855462
-5.847452
-5.971334
-5.938375
-5.804911
-5.778270
-5.871183
-5.803551
-6.020171
-5.817945
-5.911005
-5.838465
-5.780835
-5.968012
-5.740649
-6.011705
-6.120152
-5.903353
-5.833926
-5.816360
-5.966903
-5.782234
-5.828975
-6.003927
-5.971518
-6.047084
-5.850445
-5.794129
-5.770775
-5.900850
-5.890532
-5.905000
-5.907454
-5.954925
-5.931951
-5.867566
-5.807628
-5.953715
-5.805660
-6.014303
-5.779328
-5.929727
-5.879241
-5.881167
-5.862080
-5.869563
-5.898968
-5.916825
-5.991792
-5.869853
-5.824310
-5.781656
-5.856889
-5.862554
-5.836542
-5.828547
-5.835369
-5.897193
-5.922056
-5.905362
-5.864030
-5.913483
-5.978663
-5.923811
-6.041705
-5.840181
-5.905683
-5.881098
-5.910161
-5.793581
-5.930159
-5.688755
-5.837664
-5.887699
-5.822784
-5.901143
-5.858212
-5.884354
-5.921844
-5.762007
-5.811059
-5.845972
-5.795610
-5.810343
-5.817833
-5.810586
-5.784473
-5.900377
-5.981557
-5.790462
-5.733144
-5.923838
-5.698104
-5.819355
-5.938245
-5.859027
-5.874968
-5.745605
-6.012102
-5.911267
-5.900506
-5.909132
-5.598322
-5.797744
-5.733639
-5.961870
-5.707756
-5.865701
-5.775424
-5.757352
-6.016896
-5.950294
-6.014232
-5.709374
-5.516789
-5.666616
-5.856440
-5.795049
-5.869312
-6.086318
-5.764447
-5.650728
-5.808302
-5.780062
-5.858429
-5.814112
-5.931334
-5.713855
-5.907731
-5.808003
-5.796741
-5.812292
-5.806761
-5.719756
-5.955825
-5.870679
-5.530303
-5.812330
-5.640952
-5.866910
-6.048173
-5.559281
-5.960275
-5.708517
-5.597886
-5.666703
-5.741189
-5.923039
-5.841691
-5.740882
-5.571615
-5.986659
-5.783562
-5.631606
-5.478143
-5.797941
-5.795107
-5.806170
-5.650426
-5.896850
-5.764729
-5.960545
-6.008734
-5.630490
-5.722387
-5.614719
-5.530158
-5.746889
-5.667504
-5.535512
-5.808402
-5.824153
-5.627955
-6.003812
-5.767644
-5.709048
-6.017733
-5.754358
-5.723299
-5.954408
-5.921760
-6.029942
-5.783491
-5.939302
-5.991326
-5.865374
-5.767483
-6.089956
-5.598871
-5.796460
-5.716261
-5.782681
-5.568786
-5.854786
-5.612358
-5.888731
-5.708500
-5.887794
-5.821736
-5.804142
-5.881783
-5.591603
-5.703166
-5.737986
-5.531464
-5.587173
-5.616061
-5.758594
-5.673015
-5.782686
-5.815847
-5.832415
-5.975568
-5.863814
-5.800470
-5.849867
-5.631412
-5.963211
-5.808976
-5.903283
-5.806357
-5.954493
-5.934297
-5.936588
-5.802931
-5.678298
-5.689392
-5.521450
-6.162791
-5.908976
-5.935384
-5.930433
-5.837994
-5.645256
-5.732087
-5.855342
-5.887681
-5.897370
-5.967428
-5.929665
-5.745608
-5.927003
-5.864481
-5.829798
-5.923336
-5.835835
-5.927485
-5.932011
-5.869938
-5.729010
-5.874859
-5.886908
-5.656202
-5.943338
-5.716210
-5.795348
-5.793856
-5.830808
-5.784717
-5.824486
-5.773451
-5.812590
-5.893326
-5.912526
-5.701746
-5.774954
-5.882588
-5.821667
-5.793885
-5.772491
-5.787363
-5.830465
-5.762566
-5.874505
-5.807138
-6.034137
-5.831067
-5.729605
-5.831977
-5.882725
-5.823214
-5.955985
-5.799498
-5.768196
-5.841251
-5.712458
-5.876816
-5.724384
-5.774621
-5.876258
-5.801199
-5.893368
-5.872069
-5.743231
-5.824743
-5.888045
-5.651276
-5.893667
-5.893541
-5.830612
-5.791470
-5.732014
-5.835415
-5.650290
-5.835138
-5.730838
-5.902259
-5.897626
-5.679551
-5.746437
9.752000
9.808000
13.646000
13.648000
13.670000
13.602000
13.499000
13.124000
13.427000
15.214000
15.287000
13.220000
13.198000
11.885000
11.915000
12.254000
11.752000
12.148000
12.133000
12.198000
12.271000
12.822000
12.667000
12.695000
13.443000
13.114000
13.936000
13.821000
13.843000
13.188000
13.215000
12.937000
12.684000
12.787000
13.509000
12.548000
12.252000
12.434000
12.383000
11.478000
11.496000
11.551000
12.454000
13.173000
13.986000
14.001000
13.792000
13.969000
12.822000
12.754000
12.852000
12.787000
11.214000
11.290000
11.150000
11.265000
13.394000
13.494000
13.655000
12.949000
12.928000
12.958000
13.074000
13.085000
13.077000
12.254000
12.313000
14.030000
13.467000
13.369000
14.047000
14.134000
14.274000
14.227000
13.551000
13.499000
13.525000
#-5.803876 hst
#-5.903415 gaia
#-0.215000 metallicity 
#0.000000  identically 0 parameter
#0.000000 zp
#0.000000 constraint put to 0 (it should be -3.285) on bw (slope of Cepheid fit)
#0.000000 mu n4258
#0.000000 mu lmc
-28.467501
-28.539499
-28.665501
-28.719500
-28.556999
-28.591000
-28.304001
-28.566000
-28.450001
-28.445499
-28.511000
-28.455999
-28.537001
-28.684000
-28.756001
-28.660999
-28.704000
-28.535500
-28.422501
-28.622499
-28.426500
-28.609501
-28.535500
-28.489500
-28.507500
-28.431999
-28.229000
-28.570499
-28.604500
-28.481001
-28.545500
-28.597000
-28.334499
-28.641500
-28.445499
-28.690001
-28.474001
-28.499001
-28.654499
-28.784000
-28.477501
-28.836000
-28.645500
-28.659500
-28.570000
-29.216999
-28.933500
-28.747000
-28.516500
-28.595501
-28.579000
-28.612000
-28.377501
-28.572500
-28.347000
-28.613501
-28.490000
-28.370501
-28.606501
-28.608999
-28.756001
-28.433500
-28.494499
-28.596001
-28.659500
-28.493999
-28.608500
-28.590000
-28.455500
-28.572500
-28.651501
-28.461000
-28.655500
-28.636000
-28.149000
-28.553499
-28.498501
-28.496500
-28.426500
-28.580500
-28.372499
-28.725000
-28.666500
-28.654499
-28.379000
-28.565500
-28.716999
-28.591000
-28.544001
-28.427000
-28.554501
-28.542500
-28.592501
-28.601999
-28.716000
-28.498501
-28.600500
-28.499500
-28.445000
-28.912001
-28.645500
-28.534000
-28.493999
-28.628000
-28.569000
-28.440500
-28.737000
-28.718000
-28.596500
-28.822001
-28.495501
-28.813999
-28.555500
-28.761999
-28.675501
-28.561001
-28.584499
-28.764000
-28.481001
-28.681000
-28.574499
-28.618500
-28.649500
-28.500000
-28.486500
-28.497000
-29.018999
-28.708000
-28.358500
-28.459999
-28.638500
-28.481501
-28.717501
-28.620501
-28.570000
-28.540501
-28.649500
-28.424000
-28.555000
-28.523500
-28.540501
-28.589500
-28.552000
-28.514000
-28.531500
-28.436501
-28.642500
-28.558001
-28.669001
-28.534500
-28.546000
-28.525000
-28.534000
-28.628500
-28.587999
-28.433500
-28.567499
-28.834499
-28.731501
-28.570000
-28.604500
-28.568501
-28.518000
-28.594999
-28.671000
-28.663500
-28.419001
-28.565500
-28.455500
-28.693501
-28.597000
-28.561501
-28.664000
-28.638000
-28.601999
-28.622499
-28.485500
-28.413000
-28.580999
-28.658501
-28.565001
-28.513000
-28.511499
-28.704000
-28.463499
-28.733000
-28.630501
-28.463499
-28.542000
-28.674999
-28.657499
-28.590000
-28.591999
-28.442499
-28.519501
-28.589500
-28.343500
-28.476999
-28.582500
-28.658001
-28.740000
-28.391500
-28.659500
-28.952999
-28.622000
-28.644501
-28.727501
-28.723499
-28.478001
-28.174999
-28.624500
-28.304001
-28.374500
-28.656500
-28.214500
-28.596500
-28.632000
-28.762501
-28.904499
-28.681000
-28.758499
-28.367001
-28.565001
-28.584999
-28.819000
-28.465500
-28.306499
-28.451000
-28.492500
-28.544500
-28.547501
-28.441999
-28.358500
-28.410000
-28.527500
-28.544001
-28.423000
-28.618000
-28.445499
-28.433500
-28.610500
-28.531500
-28.933001
-28.611500
-28.674500
-28.684999
-28.588499
-28.577499
-28.531500
-28.667999
-28.607000
-28.466499
-28.537500
-28.343500
-28.506001
-28.301001
-28.770500
-28.457500
-28.705500
-28.491501
-28.537500
-28.561501
-28.534500
-28.430000
-28.644501
-28.617001
-28.548000
-28.620501
-28.682501
-28.405500
-28.699499
-28.525499
-28.393499
-28.660999
-28.776501
-28.637501
-28.543501
