 -->  wCDM with w=-1.1 ; Plots on notebook (es3.ipynb) 
       
   z:       CD_LCDM:   CD_wCDM: 
       
0.0000e+00 0.0000e+00 0.0000e+00
1.0000e-02 4.4638e+01 4.4660e+01
2.0000e-02 8.9060e+01 8.9149e+01
3.0000e-02 1.3327e+02 1.3346e+02
4.0000e-02 1.7726e+02 1.7760e+02
5.0000e-02 2.2103e+02 2.2156e+02
6.0000e-02 2.6458e+02 2.6534e+02
7.0000e-02 3.0791e+02 3.0893e+02
8.0000e-02 3.5102e+02 3.5234e+02
9.0000e-02 3.9391e+02 3.9555e+02
1.0000e-01 4.3657e+02 4.3858e+02
1.1000e-01 4.7902e+02 4.8141e+02
1.2000e-01 5.2124e+02 5.2405e+02
1.3000e-01 5.6323e+02 5.6649e+02
1.4000e-01 6.0500e+02 6.0873e+02
1.5000e-01 6.4655e+02 6.5077e+02
1.6000e-01 6.8787e+02 6.9261e+02
1.7000e-01 7.2897e+02 7.3425e+02
1.8000e-01 7.6984e+02 7.7568e+02
1.9000e-01 8.1049e+02 8.1690e+02
2.0000e-01 8.5091e+02 8.5792e+02
2.1000e-01 8.9111e+02 8.9873e+02
2.2000e-01 9.3108e+02 9.3933e+02
2.3000e-01 9.7082e+02 9.7973e+02
2.4000e-01 1.0103e+03 1.0199e+03
2.5000e-01 1.0496e+03 1.0599e+03
2.6000e-01 1.0887e+03 1.0996e+03
2.7000e-01 1.1276e+03 1.1392e+03
2.8000e-01 1.1662e+03 1.1785e+03
2.9000e-01 1.2046e+03 1.2176e+03
3.0000e-01 1.2428e+03 1.2565e+03
3.1000e-01 1.2807e+03 1.2952e+03
3.2000e-01 1.3184e+03 1.3337e+03
3.3000e-01 1.3559e+03 1.3719e+03
3.4000e-01 1.3932e+03 1.4100e+03
3.5000e-01 1.4303e+03 1.4478e+03
3.6000e-01 1.4671e+03 1.4854e+03
3.7000e-01 1.5038e+03 1.5228e+03
3.8000e-01 1.5402e+03 1.5600e+03
3.9000e-01 1.5764e+03 1.5970e+03
4.0000e-01 1.6124e+03 1.6337e+03
4.1000e-01 1.6481e+03 1.6703e+03
4.2000e-01 1.6837e+03 1.7066e+03
4.3000e-01 1.7190e+03 1.7427e+03
4.4000e-01 1.7541e+03 1.7786e+03
4.5000e-01 1.7890e+03 1.8143e+03
4.6000e-01 1.8237e+03 1.8497e+03
4.7000e-01 1.8582e+03 1.8850e+03
4.8000e-01 1.8924e+03 1.9201e+03
4.9000e-01 1.9265e+03 1.9549e+03
5.0000e-01 1.9604e+03 1.9895e+03
5.1000e-01 1.9940e+03 2.0239e+03
5.2000e-01 2.0275e+03 2.0582e+03
5.3000e-01 2.0607e+03 2.0922e+03
5.4000e-01 2.0937e+03 2.1260e+03
5.5000e-01 2.1266e+03 2.1596e+03
5.6000e-01 2.1592e+03 2.1929e+03
5.7000e-01 2.1916e+03 2.2261e+03
5.8000e-01 2.2238e+03 2.2591e+03
5.9000e-01 2.2559e+03 2.2919e+03
6.0000e-01 2.2877e+03 2.3245e+03
6.1000e-01 2.3194e+03 2.3568e+03
6.2000e-01 2.3508e+03 2.3890e+03
6.3000e-01 2.3821e+03 2.4210e+03
6.4000e-01 2.4131e+03 2.4528e+03
6.5000e-01 2.4440e+03 2.4844e+03
6.6000e-01 2.4747e+03 2.5158e+03
6.7000e-01 2.5052e+03 2.5470e+03
6.8000e-01 2.5355e+03 2.5780e+03
6.9000e-01 2.5656e+03 2.6088e+03
7.0000e-01 2.5955e+03 2.6394e+03
7.1000e-01 2.6253e+03 2.6699e+03
7.2000e-01 2.6548e+03 2.7001e+03
7.3000e-01 2.6842e+03 2.7302e+03
7.4000e-01 2.7134e+03 2.7600e+03
7.5000e-01 2.7424e+03 2.7897e+03
7.6000e-01 2.7713e+03 2.8192e+03
7.7000e-01 2.8000e+03 2.8486e+03
7.8000e-01 2.8285e+03 2.8777e+03
7.9000e-01 2.8568e+03 2.9067e+03
8.0000e-01 2.8850e+03 2.9354e+03
8.1000e-01 2.9129e+03 2.9641e+03
8.2000e-01 2.9407e+03 2.9925e+03
8.3000e-01 2.9684e+03 3.0207e+03
8.4000e-01 2.9959e+03 3.0488e+03
8.5000e-01 3.0232e+03 3.0767e+03
8.6000e-01 3.0503e+03 3.1045e+03
8.7000e-01 3.0773e+03 3.1320e+03
8.8000e-01 3.1041e+03 3.1594e+03
8.9000e-01 3.1308e+03 3.1867e+03
9.0000e-01 3.1573e+03 3.2137e+03
9.1000e-01 3.1836e+03 3.2406e+03
9.2000e-01 3.2098e+03 3.2674e+03
9.3000e-01 3.2358e+03 3.2940e+03
9.4000e-01 3.2617e+03 3.3204e+03
9.5000e-01 3.2874e+03 3.3466e+03
9.6000e-01 3.3130e+03 3.3727e+03
9.7000e-01 3.3384e+03 3.3987e+03
9.8000e-01 3.3636e+03 3.4244e+03
9.9000e-01 3.3887e+03 3.4501e+03
1.0000e+00 3.4137e+03 3.4755e+03
1.0100e+00 3.4385e+03 3.5008e+03
1.0200e+00 3.4632e+03 3.5260e+03
1.0300e+00 3.4877e+03 3.5510e+03
1.0400e+00 3.5121e+03 3.5759e+03
1.0500e+00 3.5363e+03 3.6006e+03
1.0600e+00 3.5604e+03 3.6252e+03
1.0700e+00 3.5843e+03 3.6496e+03
1.0800e+00 3.6082e+03 3.6739e+03
1.0900e+00 3.6318e+03 3.6980e+03
1.1000e+00 3.6554e+03 3.7220e+03
1.1100e+00 3.6788e+03 3.7458e+03
1.1200e+00 3.7020e+03 3.7695e+03
1.1300e+00 3.7252e+03 3.7931e+03
1.1400e+00 3.7482e+03 3.8165e+03
1.1500e+00 3.7710e+03 3.8398e+03
1.1600e+00 3.7938e+03 3.8630e+03
1.1700e+00 3.8164e+03 3.8860e+03
1.1800e+00 3.8388e+03 3.9089e+03
1.1900e+00 3.8612e+03 3.9317e+03
1.2000e+00 3.8834e+03 3.9543e+03
1.2100e+00 3.9055e+03 3.9768e+03
1.2200e+00 3.9275e+03 3.9991e+03
1.2300e+00 3.9493e+03 4.0214e+03
1.2400e+00 3.9710e+03 4.0435e+03
1.2500e+00 3.9926e+03 4.0655e+03
1.2600e+00 4.0141e+03 4.0873e+03
1.2700e+00 4.0355e+03 4.1091e+03
1.2800e+00 4.0567e+03 4.1307e+03
1.2900e+00 4.0779e+03 4.1521e+03
1.3000e+00 4.0989e+03 4.1735e+03
1.3100e+00 4.1198e+03 4.1948e+03
1.3200e+00 4.1405e+03 4.2159e+03
1.3300e+00 4.1612e+03 4.2369e+03
1.3400e+00 4.1817e+03 4.2578e+03
1.3500e+00 4.2022e+03 4.2785e+03
1.3600e+00 4.2225e+03 4.2992e+03
1.3700e+00 4.2427e+03 4.3197e+03
1.3800e+00 4.2628e+03 4.3402e+03
1.3900e+00 4.2828e+03 4.3605e+03
1.4000e+00 4.3027e+03 4.3807e+03
1.4100e+00 4.3225e+03 4.4008e+03
1.4200e+00 4.3421e+03 4.4207e+03
1.4300e+00 4.3617e+03 4.4406e+03
1.4400e+00 4.3812e+03 4.4604e+03
1.4500e+00 4.4005e+03 4.4800e+03
1.4600e+00 4.4198e+03 4.4996e+03
1.4700e+00 4.4389e+03 4.5190e+03
1.4800e+00 4.4580e+03 4.5384e+03
1.4900e+00 4.4769e+03 4.5576e+03
1.5000e+00 4.4958e+03 4.5767e+03
1.5100e+00 4.5145e+03 4.5957e+03
1.5200e+00 4.5332e+03 4.6147e+03
1.5300e+00 4.5517e+03 4.6335e+03
1.5400e+00 4.5702e+03 4.6522e+03
1.5500e+00 4.5885e+03 4.6708e+03
1.5600e+00 4.6068e+03 4.6893e+03
1.5700e+00 4.6250e+03 4.7078e+03
1.5800e+00 4.6430e+03 4.7261e+03
1.5900e+00 4.6610e+03 4.7443e+03
1.6000e+00 4.6789e+03 4.7625e+03
1.6100e+00 4.6967e+03 4.7805e+03
1.6200e+00 4.7144e+03 4.7985e+03
1.6300e+00 4.7320e+03 4.8163e+03
1.6400e+00 4.7496e+03 4.8341e+03
1.6500e+00 4.7670e+03 4.8518e+03
1.6600e+00 4.7844e+03 4.8693e+03
1.6700e+00 4.8016e+03 4.8868e+03
1.6800e+00 4.8188e+03 4.9042e+03
1.6900e+00 4.8359e+03 4.9215e+03
1.7000e+00 4.8529e+03 4.9388e+03
1.7100e+00 4.8698e+03 4.9559e+03
1.7200e+00 4.8866e+03 4.9729e+03
1.7300e+00 4.9034e+03 4.9899e+03
1.7400e+00 4.9201e+03 5.0068e+03
1.7500e+00 4.9366e+03 5.0236e+03
1.7600e+00 4.9531e+03 5.0403e+03
1.7700e+00 4.9696e+03 5.0569e+03
1.7800e+00 4.9859e+03 5.0734e+03
1.7900e+00 5.0022e+03 5.0899e+03
1.8000e+00 5.0184e+03 5.1063e+03
1.8100e+00 5.0345e+03 5.1226e+03
1.8200e+00 5.0505e+03 5.1388e+03
1.8300e+00 5.0664e+03 5.1549e+03
1.8400e+00 5.0823e+03 5.1710e+03
1.8500e+00 5.0981e+03 5.1870e+03
1.8600e+00 5.1138e+03 5.2029e+03
1.8700e+00 5.1294e+03 5.2187e+03
1.8800e+00 5.1450e+03 5.2344e+03
1.8900e+00 5.1605e+03 5.2501e+03
1.9000e+00 5.1759e+03 5.2657e+03
1.9100e+00 5.1913e+03 5.2812e+03
1.9200e+00 5.2065e+03 5.2966e+03
1.9300e+00 5.2218e+03 5.3120e+03
1.9400e+00 5.2369e+03 5.3273e+03
1.9500e+00 5.2519e+03 5.3425e+03
1.9600e+00 5.2669e+03 5.3577e+03
1.9700e+00 5.2818e+03 5.3728e+03
1.9800e+00 5.2967e+03 5.3878e+03
1.9900e+00 5.3115e+03 5.4027e+03
