0.005  22.36130654982478  
0.015  66.922961252806  
0.025  111.26906333221912  
0.035  155.3985420327707  
0.045  199.3103936472236  
0.055  243.0036810813405  
0.065  286.4775333504779  
0.075  329.7311450108473  
0.085  372.7637755285325  
0.095  415.5747485893906  
0.105  458.1634513529813  
0.115  500.52933365368335  
0.125  542.6719071521964  
0.135  584.5907444405663  
0.145  626.285478103898  
0.155  667.7557997418903  
0.165  709.0014589532692  
0.175  750.02226228617  
0.185  790.818072157487  
0.195  831.388805744098  
0.205  871.7344338488862  
0.215  911.8549797443212  
0.225  951.7505179963837  
0.235  991.4211732714261  
0.245  1030.8671191286176  
0.255  1070.0885768003936  
0.265  1109.085813963346  
0.275  1147.8591435018172  
0.285  1186.4089222664843  
0.295  1224.73554982995  
0.305  1262.8394672414386  
0.315  1300.7211557824849  
0.325  1338.3811357254406  
0.335  1375.819965096554  
0.345  1413.0382384452034  
0.355  1450.036585620913  
0.365  1486.8156705594715  
0.375  1523.3761900796546  
0.385  1559.7188726916522  
0.395  1595.8444774185455  
0.405  1631.753792631723  
0.415  1667.4476349014737  
0.425  1702.9268478634458  
0.435  1738.1923011019614  
0.445  1773.2448890508879  
0.455  1808.0855299128148  
0.465  1842.7151645970569  
0.475  1877.134755677118  
0.485  1911.3452863680568  
0.495  1945.3477595242161  
0.505  1979.143196657616  
0.515  2012.7326369773473  
0.525  2046.1171364502266  
0.535  2079.297766882904  
0.545  2112.27561502552  
0.555  2145.051781697117  
0.565  2177.627380932752  
0.575  2210.003539152385  
0.585  2242.181394351563  
0.595  2274.162095313753  
0.605  2305.9468008442577  
0.615  2337.536679025672  
0.625  2368.932906494655  
0.635  2400.136667739794  
0.645  2431.1491544205333  
0.655  2461.9715647067096  
0.665  2492.605102638692  
0.675  2523.0509775076644  
0.685  2553.310403255851  
0.695  2583.3845978964537  
0.705  2613.2747829528807  
0.715  2642.9821829169814  
0.725  2672.508024726009  
0.735  2701.8535372578885  
0.745  2731.019950844505  
0.755  2760.0084968026413  
0.765  2788.8204069821386  
0.775  2817.4569133310324  
0.785  2845.9192474772335  
0.795  2874.2086403262842  
0.805  2902.3263216749997  
0.815  2930.2735198405508  
0.825  2958.0514613044506  
0.835  2985.6613703714083  
0.845  3013.104468842278  
0.855  3040.381975701087  
0.865  3067.495106815523  
0.875  3094.445074650654  
0.885  3121.233087995475  
0.895  3147.860351701849  
0.905  3174.3280664356776  
0.915  3200.6374284397007  
0.925  3226.7896293078093  
0.935  3252.7858557703435  
0.945  3278.627289490217  
0.955  3304.3151068693364  
0.965  3329.8504788652026  
0.975  3355.2345708171915  
0.985  3380.4685422823586  
0.995  3405.5535468802655  
1.005  3430.4907321468345  
1.015  3455.281239396535  
1.025  3479.9262035929682  
1.035  3504.4267532274384  
1.045  3528.7840102051314  
1.055  3552.9990897388006  
1.065  3577.073100249584  
1.075  3601.0071432748177  
1.085  3624.8023133823926  
1.095  3648.459698091664  
1.105  3671.980377800459  
1.115  3695.3654257181242  
1.125  3718.615907804206  
1.135  3741.7328827127712  
1.145  3764.717401741962  
1.155  3787.5705087886367  
1.165  3810.293240307982  
1.175  3832.8866252777734  
1.185  3855.3516851671893  
1.195  3877.689433909967  
1.205  3899.9008778816824  
1.215  3921.9870158810686  
1.225  3943.94883911511  
1.235  3965.787331187837  
1.245  3987.503468092616  
1.255  4009.09821820779  
1.265  4030.5725422955265  
1.275  4051.9273935037177  
1.285  4073.163717370869  
1.295  4094.282451833721  
1.305  4115.284527237563  
1.315  4136.170866349132  
1.325  4156.9423843718505  
1.335  4177.599988963501  
1.345  4198.144580255944  
1.355  4218.577050877123  
1.365  4238.898285974837  
1.375  4259.109163242622  
1.385  4279.210552947259  
1.395  4299.203317958058  
1.405  4319.0883137777355  
1.415  4338.866388574842  
1.425  4358.538383217564  
1.435  4378.105131308976  
1.445  4397.567459223497  
1.455  4416.9261861445575  
1.465  4436.182124103532  
1.475  4455.336078019507  
1.485  4474.388845740282  
1.495  4493.341218084155  
1.505  4512.193978882684  
1.515  4530.947905024207  
1.525  4549.6037664980695  
1.535  4568.162326439746  
1.545  4586.6243411764135  
1.555  4604.990560273236  
1.565  4623.261726580204  
1.575  4641.438576279457  
1.585  4659.521838933033  
1.595  4677.51223753117  
1.605  4695.410488540893  
1.615  4713.217301954894  
1.625  4730.93338134089  
1.635  4748.55942389107  
1.645  4766.096120471966  
1.655  4783.544155674274  
1.665  4800.904207863159  
1.675  4818.176949228451  
1.685  4835.363045835104  
1.695  4852.463157673634  
1.705  4869.477938710735  
1.715  4886.408036939838  
1.725  4903.254094431778  
1.735  4920.016747385307  
1.745  4936.696626177713  
1.755  4953.294355415371  
1.765  4969.810553984144  
1.775  4986.245835099763  
1.785  5002.600806358108  
1.795  5018.876069785257  
1.805  5035.072221887579  
1.815  5051.189853701569  
1.825  5067.229550843407  
1.835  5083.191893558574  
1.845  5099.077456771095  
1.855  5114.8868101326  
1.865  5130.620518071278  
1.875  5146.279139840405  
1.885  5161.863229566828  
1.895  5177.373336299107  
1.905  5192.810004055387  
1.915  5208.173771871027  
1.925  5223.465173845977  
1.935  5238.6847391918345  
1.945  5253.832992278624  
1.955  5268.910452681306  
1.965  5283.917635225921  
1.975  5298.855050035553  
1.985  5313.723202575785  
1.995  5328.522593700034  
