#name zcmb zhel dz mb dmb x1 dx1 color dcolor 3rdvar d3rdvar cov_m_s cov_m_c cov_s_c set ra dec biascor
03D1au  0.50309 0.50309 0.0 22.93445 0.12605 0 0 0 0 0 0 0 0 0 0 0 0
03D1ax  0.4948 0.4948 0.0 22.8802 0.11765 0 0 0 0 0 0 0 0 0 0 0 0
03D1co  0.67767 0.67767 0.0 24.0377 0.2056 0 0 0 0 0 0 0 0 0 0 0 0
03D1ew  0.8665 0.8665 0.0 24.34685 0.17385 0 0 0 0 0 0 0 0 0 0 0 0
03D1fq  0.79857 0.79857 0.0 24.3605 0.17435 0 0 0 0 0 0 0 0 0 0 0 0
03D3ay  0.37144 0.37144 0.0 22.28785 0.1245 0 0 0 0 0 0 0 0 0 0 0 0
03D3bl  0.35582 0.35582 0.0 22.05915 0.12645 0 0 0 0 0 0 0 0 0 0 0 0
03D4au  0.4664 0.4664 0.0 23.21635 0.1587 0 0 0 0 0 0 0 0 0 0 0 0
03D4cx  0.94688 0.94688 0.0 24.41155 0.1642 0 0 0 0 0 0 0 0 0 0 0 0
03D4cz  0.69315 0.69315 0.0 23.79645 0.24445 0 0 0 0 0 0 0 0 0 0 0 0
03D4di  0.89693 0.89693 0.0 24.40275 0.16645 0 0 0 0 0 0 0 0 0 0 0 0
03D4fd  0.78904 0.78904 0.0 24.2188 0.11585 0 0 0 0 0 0 0 0 0 0 0 0
03D4gg  0.59027 0.59027 0.0 23.3354 0.1666 0 0 0 0 0 0 0 0 0 0 0 0
04D1ff  0.85852 0.85852 0.0 24.1237 0.1478 0 0 0 0 0 0 0 0 0 0 0 0
04D1hx  0.55875 0.55875 0.0 23.1648 0.1335 0 0 0 0 0 0 0 0 0 0 0 0
04D1iv  0.9964 0.9964 0.0 24.69965 0.1408 0 0 0 0 0 0 0 0 0 0 0 0
04D1jg  0.58294 0.58294 0.0 23.34385 0.1258 0 0 0 0 0 0 0 0 0 0 0 0
04D1ks  0.79656 0.79656 0.0 23.85445 0.1588 0 0 0 0 0 0 0 0 0 0 0 0
04D1ow  0.91348 0.91348 0.0 24.37895 0.13735 0 0 0 0 0 0 0 0 0 0 0 0
04D1pd  0.94846 0.94846 0.0 24.66675 0.15105 0 0 0 0 0 0 0 0 0 0 0 0
04D1pp  0.73362 0.73362 0.0 23.8481 0.15575 0 0 0 0 0 0 0 0 0 0 0 0
04D1qd  0.7656 0.7656 0.0 24.10805 0.1549 0 0 0 0 0 0 0 0 0 0 0 0
04D1rx  0.98341 0.98341 0.0 24.828 0.153 0 0 0 0 0 0 0 0 0 0 0 0
04D1si  0.70064 0.70064 0.0 23.7492 0.1738 0 0 0 0 0 0 0 0 0 0 0 0
04D2al  0.83814 0.83814 0.0 24.1545 0.1807 0 0 0 0 0 0 0 0 0 0 0 0
04D2cf  0.3706 0.3706 0.0 22.1401 0.1211 0 0 0 0 0 0 0 0 0 0 0 0
04D2fs  0.35858 0.35858 0.0 21.95965 0.1186 0 0 0 0 0 0 0 0 0 0 0 0
04D2gc  0.52278 0.52278 0.0 23.15915 0.14165 0 0 0 0 0 0 0 0 0 0 0 0
04D2iu  0.70198 0.70198 0.0 23.7115 0.26255 0 0 0 0 0 0 0 0 0 0 0 0
04D2kr  0.74613 0.74613 0.0 23.8056 0.16465 0 0 0 0 0 0 0 0 0 0 0 0
04D2mh  0.59185 0.59185 0.0 23.2429 0.12625 0 0 0 0 0 0 0 0 0 0 0 0
04D3co  0.62063 0.62063 0.0 23.5114 0.1131 0 0 0 0 0 0 0 0 0 0 0 0
04D3dd  1.00279 1.00279 0.0 25.0798 0.19135 0 0 0 0 0 0 0 0 0 0 0 0
04D3do  0.61064 0.61064 0.0 23.47615 0.1329 0 0 0 0 0 0 0 0 0 0 0 0
04D3fk  0.35833 0.35833 0.0 21.9694 0.11425 0 0 0 0 0 0 0 0 0 0 0 0
04D3gt  0.45155 0.45155 0.0 22.4159 0.12515 0 0 0 0 0 0 0 0 0 0 0 0
04D3hn  0.5526 0.5526 0.0 22.98515 0.13425 0 0 0 0 0 0 0 0 0 0 0 0
04D3ks  0.75068 0.75068 0.0 23.763 0.19155 0 0 0 0 0 0 0 0 0 0 0 0
04D3lu  0.82269 0.82269 0.0 24.3356 0.14625 0 0 0 0 0 0 0 0 0 0 0 0
04D3ml  0.95076 0.95076 0.0 24.68515 0.14485 0 0 0 0 0 0 0 0 0 0 0 0
04D3nh  0.34052 0.34052 0.0 21.9463 0.10555 0 0 0 0 0 0 0 0 0 0 0 0
04D3ny  0.81072 0.81072 0.0 24.0795 0.17055 0 0 0 0 0 0 0 0 0 0 0 0
04D4an  0.61124 0.61124 0.0 23.7392 0.1593 0 0 0 0 0 0 0 0 0 0 0 0
04D4bq  0.54831 0.54831 0.0 22.8926 0.1438 0 0 0 0 0 0 0 0 0 0 0 0
04D4dw  1.02879 1.02879 0.0 24.7289 0.16015 0 0 0 0 0 0 0 0 0 0 0 0
04D4gg  0.42244 0.42244 0.0 22.35675 0.1192 0 0 0 0 0 0 0 0 0 0 0 0
04D4hu  0.70115 0.70115 0.0 23.90875 0.1805 0 0 0 0 0 0 0 0 0 0 0 0
04D4ic  0.68517 0.68517 0.0 23.844 0.2326 0 0 0 0 0 0 0 0 0 0 0 0
04D4ih  0.93189 0.93189 0.0 24.54795 0.15235 0 0 0 0 0 0 0 0 0 0 0 0
04D4im  0.74909 0.74909 0.0 23.81055 0.18275 0 0 0 0 0 0 0 0 0 0 0 0
04D4jr  0.4684 0.4684 0.0 22.73255 0.11785 0 0 0 0 0 0 0 0 0 0 0 0
04D4jw  0.95886 0.95886 0.0 24.80665 0.17245 0 0 0 0 0 0 0 0 0 0 0 0
05D1az  0.84053 0.84053 0.0 24.22255 0.1456 0 0 0 0 0 0 0 0 0 0 0 0
05D1cc  0.56276 0.56276 0.0 23.2428 0.11755 0 0 0 0 0 0 0 0 0 0 0 0
05D1cl  0.82854 0.82854 0.0 24.39785 0.1526 0 0 0 0 0 0 0 0 0 0 0 0
05D1dx  0.57875 0.57875 0.0 23.22495 0.12065 0 0 0 0 0 0 0 0 0 0 0 0
05D1em  0.8645 0.8645 0.0 24.3693 0.14625 0 0 0 0 0 0 0 0 0 0 0 0
05D1er  0.85851 0.85851 0.0 24.4442 0.16535 0 0 0 0 0 0 0 0 0 0 0 0
05D1hm  0.58575 0.58575 0.0 23.5694 0.1417 0 0 0 0 0 0 0 0 0 0 0 0
05D1ix  0.48881 0.48881 0.0 22.8653 0.1136 0 0 0 0 0 0 0 0 0 0 0 0
05D1ke  0.68866 0.68866 0.0 23.6132 0.1518 0 0 0 0 0 0 0 0 0 0 0 0
05D2ab  0.32454 0.32454 0.0 21.79365 0.10225 0 0 0 0 0 0 0 0 0 0 0 0
05D2bt  0.68196 0.68196 0.0 23.59755 0.1484 0 0 0 0 0 0 0 0 0 0 0 0
05D2bw  0.92223 0.92223 0.0 24.355 0.1708 0 0 0 0 0 0 0 0 0 0 0 0
05D2cb  0.42866 0.42866 0.0 22.751 0.1294 0 0 0 0 0 0 0 0 0 0 0 0
05D2ck  0.69998 0.69998 0.0 23.95255 0.2153 0 0 0 0 0 0 0 0 0 0 0 0
05D2dt  0.57584 0.57584 0.0 23.38495 0.13845 0 0 0 0 0 0 0 0 0 0 0 0
05D2dy  0.51176 0.51176 0.0 23.11305 0.1165 0 0 0 0 0 0 0 0 0 0 0 0
05D2ec  0.64191 0.64191 0.0 23.62155 0.1659 0 0 0 0 0 0 0 0 0 0 0 0
05D2hc  0.35157 0.35157 0.0 22.2272 0.1136 0 0 0 0 0 0 0 0 0 0 0 0
05D2ie  0.34957 0.34957 0.0 22.14445 0.11065 0 0 0 0 0 0 0 0 0 0 0 0
05D2mp  0.35527 0.35527 0.0 22.23665 0.113 0 0 0 0 0 0 0 0 0 0 0 0
05D2nn  0.87217 0.87217 0.0 24.3402 0.1332 0 0 0 0 0 0 0 0 0 0 0 0
05D2ob  0.92624 0.92624 0.0 24.7687 0.10935 0 0 0 0 0 0 0 0 0 0 0 0
05D3cf  0.41957 0.41957 0.0 22.59095 0.12095 0 0 0 0 0 0 0 0 0 0 0 0
05D3cq  0.89073 0.89073 0.0 24.1804 0.14085 0 0 0 0 0 0 0 0 0 0 0 0
05D3dd  0.48057 0.48057 0.0 22.7752 0.1151 0 0 0 0 0 0 0 0 0 0 0 0
05D3gp  0.5806 0.5806 0.0 23.36785 0.1608 0 0 0 0 0 0 0 0 0 0 0 0
05D3ha  0.80569 0.80569 0.0 24.09575 0.1555 0 0 0 0 0 0 0 0 0 0 0 0
05D3hs  0.66464 0.66464 0.0 23.6337 0.1611 0 0 0 0 0 0 0 0 0 0 0 0
05D3jb  0.74566 0.74566 0.0 24.00735 0.1527 0 0 0 0 0 0 0 0 0 0 0 0
05D3jk  0.73669 0.73669 0.0 23.77845 0.1399 0 0 0 0 0 0 0 0 0 0 0 0
05D3jr  0.37053 0.37053 0.0 22.04575 0.11295 0 0 0 0 0 0 0 0 0 0 0 0
05D3kp  0.85073 0.85073 0.0 24.31865 0.1304 0 0 0 0 0 0 0 0 0 0 0 0
05D3lb  0.64764 0.64764 0.0 23.6259 0.1613 0 0 0 0 0 0 0 0 0 0 0 0
05D3lr  0.6006 0.6006 0.0 23.4022 0.15455 0 0 0 0 0 0 0 0 0 0 0 0
05D3mn  0.7607 0.7607 0.0 23.92525 0.14995 0 0 0 0 0 0 0 0 0 0 0 0
05D3mx  0.47057 0.47057 0.0 22.804 0.1221 0 0 0 0 0 0 0 0 0 0 0 0
05D4af  0.49737 0.49737 0.0 22.9275 0.13225 0 0 0 0 0 0 0 0 0 0 0 0
05D4av  0.50736 0.50736 0.0 22.9705 0.1253 0 0 0 0 0 0 0 0 0 0 0 0
05D4bf  0.58728 0.58728 0.0 23.44375 0.14055 0 0 0 0 0 0 0 0 0 0 0 0
05D4bj  0.69915 0.69915 0.0 23.77905 0.15635 0 0 0 0 0 0 0 0 0 0 0 0
05D4cn  0.76108 0.76108 0.0 24.05415 0.16035 0 0 0 0 0 0 0 0 0 0 0 0
05D4cs  0.78805 0.78805 0.0 24.1069 0.13815 0 0 0 0 0 0 0 0 0 0 0 0
05D4dt  0.40547 0.40547 0.0 22.564 0.11045 0 0 0 0 0 0 0 0 0 0 0 0
05D4dy  0.80804 0.80804 0.0 24.55735 0.16345 0 0 0 0 0 0 0 0 0 0 0 0
05D4ej  0.58328 0.58328 0.0 23.6081 0.12955 0 0 0 0 0 0 0 0 0 0 0 0
05D4ev  0.72013 0.72013 0.0 24.0226 0.19335 0 0 0 0 0 0 0 0 0 0 0 0
05D4fg  0.83699 0.83699 0.0 24.3054 0.1427 0 0 0 0 0 0 0 0 0 0 0 0
05D4gw  0.80603 0.80603 0.0 24.2544 0.1837 0 0 0 0 0 0 0 0 0 0 0 0
06D2bk  0.50074 0.50074 0.0 23.0505 0.13595 0 0 0 0 0 0 0 0 0 0 0 0
06D2cc  0.53378 0.53378 0.0 22.9345 0.1665 0 0 0 0 0 0 0 0 0 0 0 0
06D2ce  0.82212 0.82212 0.0 24.1676 0.18525 0 0 0 0 0 0 0 0 0 0 0 0
06D2gb  0.44368 0.44368 0.0 22.57415 0.1349 0 0 0 0 0 0 0 0 0 0 0 0
06D3cc  0.68366 0.68366 0.0 23.9441 0.2905 0 0 0 0 0 0 0 0 0 0 0 0
06D3do  0.72668 0.72668 0.0 23.90005 0.1628 0 0 0 0 0 0 0 0 0 0 0 0
06D3ed  0.40455 0.40455 0.0 22.44625 0.1075 0 0 0 0 0 0 0 0 0 0 0 0
06D3em  0.69065 0.69065 0.0 23.7527 0.18375 0 0 0 0 0 0 0 0 0 0 0 0
06D3et  0.57661 0.57661 0.0 23.2437 0.1229 0 0 0 0 0 0 0 0 0 0 0 0
06D3gh  0.72068 0.72068 0.0 23.87645 0.2029 0 0 0 0 0 0 0 0 0 0 0 0
06D4bo  0.55031 0.55031 0.0 23.16815 0.1249 0 0 0 0 0 0 0 0 0 0 0 0
06D4ce  0.84797 0.84797 0.0 24.3105 0.16975 0 0 0 0 0 0 0 0 0 0 0 0
06D4co  0.43544 0.43544 0.0 22.36675 0.109 0 0 0 0 0 0 0 0 0 0 0 0
06D4dh  0.30158 0.30158 0.0 21.64245 0.0939 0 0 0 0 0 0 0 0 0 0 0 0
03D1aw  0.58073 0.58073 0.0 23.52355 0.1372 0 0 0 0 0 0 0 0 0 0 0 0
03D1bp  0.34593 0.34593 0.0 22.11525 0.111 0 0 0 0 0 0 0 0 0 0 0 0
03D1fc  0.33094 0.33094 0.0 21.7829 0.10685 0 0 0 0 0 0 0 0 0 0 0 0
03D3aw  0.44956 0.44956 0.0 22.78895 0.14135 0 0 0 0 0 0 0 0 0 0 0 0
03D3cd  0.46127 0.46127 0.0 22.62945 0.13775 0 0 0 0 0 0 0 0 0 0 0 0
03D4at  0.63222 0.63222 0.0 23.66065 0.20445 0 0 0 0 0 0 0 0 0 0 0 0
03D4cy  0.92491 0.92491 0.0 24.7416 0.1923 0 0 0 0 0 0 0 0 0 0 0 0
03D4dh  0.62522 0.62522 0.0 23.46015 0.1303 0 0 0 0 0 0 0 0 0 0 0 0
03D4dy  0.60825 0.60825 0.0 23.3767 0.1266 0 0 0 0 0 0 0 0 0 0 0 0
03D4gf  0.57828 0.57828 0.0 23.2373 0.13895 0 0 0 0 0 0 0 0 0 0 0 0
04D1aj  0.71963 0.71963 0.0 23.82525 0.2057 0 0 0 0 0 0 0 0 0 0 0 0
04D1de  0.7666 0.7666 0.0 24.24705 0.1593 0 0 0 0 0 0 0 0 0 0 0 0
04D1hd  0.36791 0.36791 0.0 22.24455 0.1019 0 0 0 0 0 0 0 0 0 0 0 0
04D1hy  0.84852 0.84852 0.0 24.33175 0.14855 0 0 0 0 0 0 0 0 0 0 0 0
04D1jd  0.7766 0.7766 0.0 24.0942 0.17835 0 0 0 0 0 0 0 0 0 0 0 0
04D1kj  0.58375 0.58375 0.0 23.2686 0.09915 0 0 0 0 0 0 0 0 0 0 0 0
04D1oh  0.58873 0.58873 0.0 23.30085 0.13005 0 0 0 0 0 0 0 0 0 0 0 0
04D1pc  0.76859 0.76859 0.0 24.2078 0.16885 0 0 0 0 0 0 0 0 0 0 0 0
04D1pg  0.5138 0.5138 0.0 23.12745 0.1329 0 0 0 0 0 0 0 0 0 0 0 0
04D1pu  0.63771 0.63771 0.0 23.37 0.2329 0 0 0 0 0 0 0 0 0 0 0 0
04D1rh  0.43487 0.43487 0.0 22.5623 0.1145 0 0 0 0 0 0 0 0 0 0 0 0
04D1sa  0.58375 0.58375 0.0 23.46355 0.14025 0 0 0 0 0 0 0 0 0 0 0 0
04D1sk  0.66206 0.66206 0.0 23.74875 0.17955 0 0 0 0 0 0 0 0 0 0 0 0
04D2an  0.62189 0.62189 0.0 23.4108 0.1628 0 0 0 0 0 0 0 0 0 0 0 0
04D2fp  0.41664 0.41664 0.0 22.5154 0.11755 0 0 0 0 0 0 0 0 0 0 0 0
04D2gb  0.45169 0.45169 0.0 22.36265 0.1377 0 0 0 0 0 0 0 0 0 0 0 0
04D2gp  0.73401 0.73401 0.0 24.04855 0.24055 0 0 0 0 0 0 0 0 0 0 0 0
04D2ja  0.74202 0.74202 0.0 24.26275 0.21515 0 0 0 0 0 0 0 0 0 0 0 0
04D2mc  0.34957 0.34957 0.0 21.74 0.12 0 0 0 0 0 0 0 0 0 0 0 0
04D2mj  0.51476 0.51476 0.0 23.18845 0.1355 0 0 0 0 0 0 0 0 0 0 0 0
04D3cy  0.64364 0.64364 0.0 23.60755 0.1943 0 0 0 0 0 0 0 0 0 0 0 0
04D3df  0.47058 0.47058 0.0 22.65205 0.12925 0 0 0 0 0 0 0 0 0 0 0 0
04D3fq  0.7427 0.7427 0.0 23.92255 0.19885 0 0 0 0 0 0 0 0 0 0 0 0
04D3gx  0.91075 0.91075 0.0 24.6116 0.16365 0 0 0 0 0 0 0 0 0 0 0 0
04D3kr  0.33753 0.33753 0.0 21.9137 0.10655 0 0 0 0 0 0 0 0 0 0 0 0
04D3lp  0.98377 0.98377 0.0 24.92305 0.1439 0 0 0 0 0 0 0 0 0 0 0 0
04D3mk  0.81369 0.81369 0.0 24.26675 0.14105 0 0 0 0 0 0 0 0 0 0 0 0
04D3nc  0.81773 0.81773 0.0 24.3431 0.12085 0 0 0 0 0 0 0 0 0 0 0 0
04D3nr  0.96075 0.96075 0.0 24.5736 0.1577 0 0 0 0 0 0 0 0 0 0 0 0
04D3oe  0.75669 0.75669 0.0 24.03965 0.1583 0 0 0 0 0 0 0 0 0 0 0 0
04D4bk  0.87796 0.87796 0.0 24.42165 0.14325 0 0 0 0 0 0 0 0 0 0 0 0
04D4dm  0.80902 0.80902 0.0 24.20795 0.1668 0 0 0 0 0 0 0 0 0 0 0 0
04D4fx  0.62723 0.62723 0.0 23.4134 0.138 0 0 0 0 0 0 0 0 0 0 0 0
04D4hf  0.93389 0.93389 0.0 24.7653 0.2009 0 0 0 0 0 0 0 0 0 0 0 0
04D4ib  0.69715 0.69715 0.0 23.78265 0.16195 0 0 0 0 0 0 0 0 0 0 0 0
04D4id  0.76706 0.76706 0.0 24.3849 0.17855 0 0 0 0 0 0 0 0 0 0 0 0
04D4ii  0.86397 0.86397 0.0 24.39625 0.15285 0 0 0 0 0 0 0 0 0 0 0 0
04D4in  0.51434 0.51434 0.0 22.98745 0.11725 0 0 0 0 0 0 0 0 0 0 0 0
04D4ju  0.47039 0.47039 0.0 23.1005 0.141 0 0 0 0 0 0 0 0 0 0 0 0
04D4jy  0.9279 0.9279 0.0 24.7789 0.1829 0 0 0 0 0 0 0 0 0 0 0 0
05D1cb  0.63071 0.63071 0.0 23.4092 0.1432 0 0 0 0 0 0 0 0 0 0 0 0
05D1ck  0.6157 0.6157 0.0 23.56625 0.1433 0 0 0 0 0 0 0 0 0 0 0 0
05D1dn  0.56475 0.56475 0.0 23.2891 0.13595 0 0 0 0 0 0 0 0 0 0 0 0
05D1ee  0.55775 0.55775 0.0 23.2494 0.1349 0 0 0 0 0 0 0 0 0 0 0 0
05D1eo  0.73561 0.73561 0.0 24.06925 0.19205 0 0 0 0 0 0 0 0 0 0 0 0
05D1if  0.76159 0.76159 0.0 23.97575 0.15445 0 0 0 0 0 0 0 0 0 0 0 0
05D1iz  0.85852 0.85852 0.0 24.54425 0.17845 0 0 0 0 0 0 0 0 0 0 0 0
05D1kl  0.55875 0.55875 0.0 23.6061 0.15165 0 0 0 0 0 0 0 0 0 0 0 0
05D2ac  0.48072 0.48072 0.0 22.74835 0.1138 0 0 0 0 0 0 0 0 0 0 0 0
05D2ay  0.92224 0.92224 0.0 24.57175 0.18725 0 0 0 0 0 0 0 0 0 0 0 0
05D2bv  0.47572 0.47572 0.0 22.6952 0.109 0 0 0 0 0 0 0 0 0 0 0 0
05D2by  0.8932 0.8932 0.0 24.5781 0.1577 0 0 0 0 0 0 0 0 0 0 0 0
05D2ci  0.6319 0.6319 0.0 23.1617 0.17705 0 0 0 0 0 0 0 0 0 0 0 0
05D2ct  0.73602 0.73602 0.0 24.02845 0.2108 0 0 0 0 0 0 0 0 0 0 0 0
05D2dw  0.41865 0.41865 0.0 22.38625 0.1152 0 0 0 0 0 0 0 0 0 0 0 0
05D2eb  0.53578 0.53578 0.0 22.98355 0.1266 0 0 0 0 0 0 0 0 0 0 0 0
05D2fq  0.73501 0.73501 0.0 24.09175 0.17825 0 0 0 0 0 0 0 0 0 0 0 0
05D2he  0.60987 0.60987 0.0 23.5447 0.14865 0 0 0 0 0 0 0 0 0 0 0 0
05D2le  0.70198 0.70198 0.0 23.8387 0.16475 0 0 0 0 0 0 0 0 0 0 0 0
05D2my  0.9833 0.9833 0.0 24.78095 0.143 0 0 0 0 0 0 0 0 0 0 0 0
05D2nt  0.75905 0.75905 0.0 24.0557 0.15165 0 0 0 0 0 0 0 0 0 0 0 0
05D3ax  0.64364 0.64364 0.0 23.6045 0.2013 0 0 0 0 0 0 0 0 0 0 0 0
05D3ci  0.51559 0.51559 0.0 23.02365 0.1762 0 0 0 0 0 0 0 0 0 0 0 0
05D3cx  0.80569 0.80569 0.0 24.0139 0.1301 0 0 0 0 0 0 0 0 0 0 0 0
05D3dh  0.8007 0.8007 0.0 23.82255 0.1606 0 0 0 0 0 0 0 0 0 0 0 0
05D3gv  0.71565 0.71565 0.0 23.84395 0.19425 0 0 0 0 0 0 0 0 0 0 0 0
05D3hh  0.76668 0.76668 0.0 24.2307 0.1806 0 0 0 0 0 0 0 0 0 0 0 0
05D3ht  0.90173 0.90173 0.0 24.5128 0.1511 0 0 0 0 0 0 0 0 0 0 0 0
05D3jh  0.71868 0.71868 0.0 23.68915 0.15095 0 0 0 0 0 0 0 0 0 0 0 0
05D3jq  0.5796 0.5796 0.0 23.1779 0.1197 0 0 0 0 0 0 0 0 0 0 0 0
05D3km  0.96074 0.96074 0.0 24.80925 0.14255 0 0 0 0 0 0 0 0 0 0 0 0
05D3kt  0.64864 0.64864 0.0 23.53665 0.159 0 0 0 0 0 0 0 0 0 0 0 0
05D3la  0.93675 0.93675 0.0 24.4717 0.1405 0 0 0 0 0 0 0 0 0 0 0 0
05D3lc  0.46156 0.46156 0.0 22.76265 0.11115 0 0 0 0 0 0 0 0 0 0 0 0
05D3mh  0.67065 0.67065 0.0 23.78495 0.1775 0 0 0 0 0 0 0 0 0 0 0 0
05D4ag  0.63822 0.63822 0.0 23.49005 0.184 0 0 0 0 0 0 0 0 0 0 0 0
05D4be  0.53532 0.53532 0.0 23.06945 0.11085 0 0 0 0 0 0 0 0 0 0 0 0
05D4bi  0.77307 0.77307 0.0 24.17605 0.17625 0 0 0 0 0 0 0 0 0 0 0 0
05D4bm  0.3705 0.3705 0.0 22.15255 0.1043 0 0 0 0 0 0 0 0 0 0 0 0
05D4cq  0.69916 0.69916 0.0 23.88895 0.1728 0 0 0 0 0 0 0 0 0 0 0 0
05D4cw  0.3735 0.3735 0.0 22.11185 0.1039 0 0 0 0 0 0 0 0 0 0 0 0
05D4dw  0.85298 0.85298 0.0 24.3052 0.1508 0 0 0 0 0 0 0 0 0 0 0 0
05D4ef  0.60326 0.60326 0.0 23.58805 0.1429 0 0 0 0 0 0 0 0 0 0 0 0
05D4ek  0.53433 0.53433 0.0 22.9223 0.1289 0 0 0 0 0 0 0 0 0 0 0 0
05D4ff  0.40048 0.40048 0.0 22.2601 0.1151 0 0 0 0 0 0 0 0 0 0 0 0
05D4fo  0.3715 0.3715 0.0 22.20135 0.10745 0 0 0 0 0 0 0 0 0 0 0 0
05D4hn  0.83999 0.83999 0.0 24.0253 0.15175 0 0 0 0 0 0 0 0 0 0 0 0
06D2ca  0.53278 0.53278 0.0 23.059 0.11385 0 0 0 0 0 0 0 0 0 0 0 0
06D2cd  0.93225 0.93225 0.0 24.704 0.21015 0 0 0 0 0 0 0 0 0 0 0 0
06D2ck  0.55381 0.55381 0.0 23.2838 0.1242 0 0 0 0 0 0 0 0 0 0 0 0
06D2ga  0.84214 0.84214 0.0 24.3261 0.1858 0 0 0 0 0 0 0 0 0 0 0 0
06D3bz  0.72767 0.72767 0.0 23.8687 0.19785 0 0 0 0 0 0 0 0 0 0 0 0
06D3df  0.44255 0.44255 0.0 22.67285 0.1137 0 0 0 0 0 0 0 0 0 0 0 0
06D3el  0.51961 0.51961 0.0 23.03865 0.109 0 0 0 0 0 0 0 0 0 0 0 0
06D3en  1.0608 1.0608 0.0 24.6873 0.16415 0 0 0 0 0 0 0 0 0 0 0 0
06D4ba  0.69816 0.69816 0.0 23.7924 0.2171 0 0 0 0 0 0 0 0 0 0 0 0
06D4bw  0.73012 0.73012 0.0 23.7684 0.19115 0 0 0 0 0 0 0 0 0 0 0 0
06D4cl  0.99781 0.99781 0.0 24.6122 0.0953 0 0 0 0 0 0 0 0 0 0 0 0
06D4cq  0.40946 0.40946 0.0 22.451 0.10895 0 0 0 0 0 0 0 0 0 0 0 0
4241  0.33015 0.33015 0.0 21.9321 0.1589 0 0 0 0 0 0 0 0 0 0 0 0
4679  0.3307 0.3307 0.0 21.82885 0.1481 0 0 0 0 0 0 0 0 0 0 0 0
6924  0.32601 0.32601 0.0 21.6733 0.1464 0 0 0 0 0 0 0 0 0 0 0 0
7779  0.37949 0.37949 0.0 22.13745 0.1395 0 0 0 0 0 0 0 0 0 0 0 0
12883  0.30538 0.30538 0.0 21.3803 0.19765 0 0 0 0 0 0 0 0 0 0 0 0
13136  0.37003 0.37003 0.0 22.46065 0.1636 0 0 0 0 0 0 0 0 0 0 0 0
14397  0.38447 0.38447 0.0 22.40575 0.14945 0 0 0 0 0 0 0 0 0 0 0 0
15213  0.30617 0.30617 0.0 21.77705 0.16135 0 0 0 0 0 0 0 0 0 0 0 0
15383  0.31468 0.31468 0.0 21.8201 0.1572 0 0 0 0 0 0 0 0 0 0 0 0
15456  0.38003 0.38003 0.0 22.03255 0.1506 0 0 0 0 0 0 0 0 0 0 0 0
15776  0.31555 0.31555 0.0 21.7168 0.15355 0 0 0 0 0 0 0 0 0 0 0 0
16093  0.33398 0.33398 0.0 21.9349 0.1592 0 0 0 0 0 0 0 0 0 0 0 0
16211  0.309 0.309 0.0 21.8114 0.19685 0 0 0 0 0 0 0 0 0 0 0 0
18617  0.32529 0.32529 0.0 21.9051 0.1809 0 0 0 0 0 0 0 0 0 0 0 0
18721  0.4008 0.4008 0.0 22.30585 0.1602 0 0 0 0 0 0 0 0 0 0 0 0
19067  0.35306 0.35306 0.0 21.81675 0.1515 0 0 0 0 0 0 0 0 0 0 0 0
19632  0.31353 0.31353 0.0 21.8225 0.14945 0 0 0 0 0 0 0 0 0 0 0 0
19818  0.30369 0.30369 0.0 21.49625 0.135 0 0 0 0 0 0 0 0 0 0 0 0
20142  0.31437 0.31437 0.0 21.3618 0.137 0 0 0 0 0 0 0 0 0 0 0 0
20245  0.30004 0.30004 0.0 21.4204 0.15885 0 0 0 0 0 0 0 0 0 0 0 0
21042  0.31032 0.31032 0.0 21.45975 0.15795 0 0 0 0 0 0 0 0 0 0 0 0
2533  0.3385 0.3385 0.0 21.7897 0.1618 0 0 0 0 0 0 0 0 0 0 0 0
4577  0.36165 0.36165 0.0 22.1744 0.1645 0 0 0 0 0 0 0 0 0 0 0 0
5391  0.30006 0.30006 0.0 21.62535 0.16525 0 0 0 0 0 0 0 0 0 0 0 0
5844  0.30894 0.30894 0.0 21.72385 0.1693 0 0 0 0 0 0 0 0 0 0 0 0
6649  0.31262 0.31262 0.0 21.63085 0.14295 0 0 0 0 0 0 0 0 0 0 0 0
6699  0.3088 0.3088 0.0 21.83605 0.15525 0 0 0 0 0 0 0 0 0 0 0 0
7143  0.30317 0.30317 0.0 21.872 0.13765 0 0 0 0 0 0 0 0 0 0 0 0
7475  0.32007 0.32007 0.0 21.6956 0.1358 0 0 0 0 0 0 0 0 0 0 0 0
13830  0.32944 0.32944 0.0 21.65335 0.14295 0 0 0 0 0 0 0 0 0 0 0 0
13934  0.32891 0.32891 0.0 22.21015 0.20955 0 0 0 0 0 0 0 0 0 0 0 0
14456  0.32753 0.32753 0.0 21.80515 0.13855 0 0 0 0 0 0 0 0 0 0 0 0
15704  0.36924 0.36924 0.0 22.26255 0.14325 0 0 0 0 0 0 0 0 0 0 0 0
16232  0.37386 0.37386 0.0 22.3047 0.0854 0 0 0 0 0 0 0 0 0 0 0 0
18091  0.36939 0.36939 0.0 22.04745 0.1558 0 0 0 0 0 0 0 0 0 0 0 0
19757  0.40078 0.40078 0.0 22.165 0.1348 0 0 0 0 0 0 0 0 0 0 0 0
20106  0.33096 0.33096 0.0 22.03 0.19055 0 0 0 0 0 0 0 0 0 0 0 0
000011  0.38164 0.38164 0.0 22.52675 0.14085 0 0 0 0 0 0 0 0 0 0 0 0
000142  0.43673 0.43673 0.0 22.84545 0.14185 0 0 0 0 0 0 0 0 0 0 0 0
000199  0.37164 0.37164 0.0 22.12745 0.10645 0 0 0 0 0 0 0 0 0 0 0 0
000215  0.46664 0.46664 0.0 22.7822 0.11645 0 0 0 0 0 0 0 0 0 0 0 0
000420  0.31156 0.31156 0.0 21.7417 0.10825 0 0 0 0 0 0 0 0 0 0 0 0
040137  0.44758 0.44758 0.0 22.59905 0.1524 0 0 0 0 0 0 0 0 0 0 0 0
040166  0.44007 0.44007 0.0 22.85455 0.16925 0 0 0 0 0 0 0 0 0 0 0 0
040782  0.33742 0.33742 0.0 21.74045 0.14605 0 0 0 0 0 0 0 0 0 0 0 0
050005  0.52851 0.52851 0.0 22.8422 0.14315 0 0 0 0 0 0 0 0 0 0 0 0
050203  0.57613 0.57613 0.0 23.2359 0.14515 0 0 0 0 0 0 0 0 0 0 0 0
050251  0.38775 0.38775 0.0 22.3891 0.15885 0 0 0 0 0 0 0 0 0 0 0 0
050293  0.36001 0.36001 0.0 21.92755 0.1335 0 0 0 0 0 0 0 0 0 0 0 0
050301  0.34701 0.34701 0.0 21.7912 0.14045 0 0 0 0 0 0 0 0 0 0 0 0
050607  0.43927 0.43927 0.0 22.56615 0.132 0 0 0 0 0 0 0 0 0 0 0 0
070955  0.34923 0.34923 0.0 21.8575 0.11575 0 0 0 0 0 0 0 0 0 0 0 0
080723  0.43015 0.43015 0.0 22.5444 0.12545 0 0 0 0 0 0 0 0 0 0 0 0
090201  0.50818 0.50818 0.0 22.7793 0.14135 0 0 0 0 0 0 0 0 0 0 0 0
100163  0.31774 0.31774 0.0 21.8387 0.1521 0 0 0 0 0 0 0 0 0 0 0 0
110719  0.42784 0.42784 0.0 23.03515 0.17065 0 0 0 0 0 0 0 0 0 0 0 0
110734  0.40214 0.40214 0.0 22.2536 0.149 0 0 0 0 0 0 0 0 0 0 0 0
120085  0.32218 0.32218 0.0 21.54775 0.14025 0 0 0 0 0 0 0 0 0 0 0 0
120094  0.45173 0.45173 0.0 22.72345 0.12465 0 0 0 0 0 0 0 0 0 0 0 0
120400  0.35161 0.35161 0.0 22.05965 0.1158 0 0 0 0 0 0 0 0 0 0 0 0
130862  0.33293 0.33293 0.0 22.0508 0.14375 0 0 0 0 0 0 0 0 0 0 0 0
160197  0.35363 0.35363 0.0 22.1458 0.14555 0 0 0 0 0 0 0 0 0 0 0 0
160200  0.42353 0.42353 0.0 22.599 0.2655 0 0 0 0 0 0 0 0 0 0 0 0
170428  0.30012 0.30012 0.0 21.71085 0.11935 0 0 0 0 0 0 0 0 0 0 0 0
310091  0.50718 0.50718 0.0 22.9937 0.1404 0 0 0 0 0 0 0 0 0 0 0 0
320258  0.34092 0.34092 0.0 21.88785 0.1485 0 0 0 0 0 0 0 0 0 0 0 0
330089  0.34872 0.34872 0.0 22.1162 0.13315 0 0 0 0 0 0 0 0 0 0 0 0
330128  0.32095 0.32095 0.0 21.71485 0.1245 0 0 0 0 0 0 0 0 0 0 0 0
340334  0.30666 0.30666 0.0 21.88165 0.1627 0 0 0 0 0 0 0 0 0 0 0 0
350078  0.30078 0.30078 0.0 21.91835 0.1704 0 0 0 0 0 0 0 0 0 0 0 0
350083  0.36783 0.36783 0.0 21.9904 0.12345 0 0 0 0 0 0 0 0 0 0 0 0
380279  0.34931 0.34931 0.0 22.02925 0.13805 0 0 0 0 0 0 0 0 0 0 0 0
390471  0.37051 0.37051 0.0 21.7944 0.11375 0 0 0 0 0 0 0 0 0 0 0 0
420417  0.36135 0.36135 0.0 21.9082 0.2036 0 0 0 0 0 0 0 0 0 0 0 0
440162  0.41929 0.41929 0.0 22.4583 0.14905 0 0 0 0 0 0 0 0 0 0 0 0
440509  0.31894 0.31894 0.0 21.66595 0.15665 0 0 0 0 0 0 0 0 0 0 0 0
450175  0.51941 0.51941 0.0 22.97595 0.19605 0 0 0 0 0 0 0 0 0 0 0 0
460037  0.30249 0.30249 0.0 21.6135 0.15825 0 0 0 0 0 0 0 0 0 0 0 0
470041  0.3318 0.3318 0.0 21.7581 0.12005 0 0 0 0 0 0 0 0 0 0 0 0
470244  0.36082 0.36082 0.0 22.1621 0.14215 0 0 0 0 0 0 0 0 0 0 0 0
490521  0.3416 0.3416 0.0 21.88605 0.16925 0 0 0 0 0 0 0 0 0 0 0 0
500057  0.38054 0.38054 0.0 22.1535 0.1307 0 0 0 0 0 0 0 0 0 0 0 0
500100  0.31079 0.31079 0.0 21.81735 0.13845 0 0 0 0 0 0 0 0 0 0 0 0
510457  0.50275 0.50275 0.0 22.89585 0.20855 0 0 0 0 0 0 0 0 0 0 0 0
510578  0.37013 0.37013 0.0 22.10035 0.1358 0 0 0 0 0 0 0 0 0 0 0 0
520062  0.30801 0.30801 0.0 21.95175 0.1182 0 0 0 0 0 0 0 0 0 0 0 0
530112  0.3148 0.3148 0.0 21.9041 0.12485 0 0 0 0 0 0 0 0 0 0 0 0
530219  0.3284 0.3284 0.0 22.1329 0.16575 0 0 0 0 0 0 0 0 0 0 0 0
540163  0.32944 0.32944 0.0 21.9869 0.11895 0 0 0 0 0 0 0 0 0 0 0 0
550218  0.38734 0.38734 0.0 22.2944 0.18525 0 0 0 0 0 0 0 0 0 0 0 0
560087  0.30642 0.30642 0.0 21.6875 0.1493 0 0 0 0 0 0 0 0 0 0 0 0
560121  0.36491 0.36491 0.0 22.2065 0.1423 0 0 0 0 0 0 0 0 0 0 0 0
580235  0.33159 0.33159 0.0 21.7689 0.1401 0 0 0 0 0 0 0 0 0 0 0 0
580275  0.38246 0.38246 0.0 22.18595 0.1824 0 0 0 0 0 0 0 0 0 0 0 0
000196  0.3507 0.3507 0.0 21.9623 0.10725 0 0 0 0 0 0 0 0 0 0 0 0
000202  0.61992 0.61992 0.0 23.4834 0.1156 0 0 0 0 0 0 0 0 0 0 0 0
020090  0.40996 0.40996 0.0 22.4668 0.20545 0 0 0 0 0 0 0 0 0 0 0 0
030006  0.50276 0.50276 0.0 22.81425 0.2082 0 0 0 0 0 0 0 0 0 0 0 0
040150  0.38171 0.38171 0.0 22.31495 0.143 0 0 0 0 0 0 0 0 0 0 0 0
050003  0.42693 0.42693 0.0 22.5594 0.1627 0 0 0 0 0 0 0 0 0 0 0 0
050201  0.55014 0.55014 0.0 23.1391 0.14355 0 0 0 0 0 0 0 0 0 0 0 0
050291  0.32531 0.32531 0.0 21.96765 0.14105 0 0 0 0 0 0 0 0 0 0 0 0
050296  0.35092 0.35092 0.0 22.00245 0.1283 0 0 0 0 0 0 0 0 0 0 0 0
050303  0.32832 0.32832 0.0 21.97245 0.18155 0 0 0 0 0 0 0 0 0 0 0 0
050580  0.45059 0.45059 0.0 22.4503 0.1316 0 0 0 0 0 0 0 0 0 0 0 0
080646  0.31811 0.31811 0.0 21.8116 0.12465 0 0 0 0 0 0 0 0 0 0 0 0
100101  0.42967 0.42967 0.0 22.75515 0.1527 0 0 0 0 0 0 0 0 0 0 0 0
100358  0.36616 0.36616 0.0 21.88675 0.1841 0 0 0 0 0 0 0 0 0 0 0 0
110425  0.38083 0.38083 0.0 22.2063 0.1382 0 0 0 0 0 0 0 0 0 0 0 0
110430  0.42086 0.42086 0.0 22.47585 0.16245 0 0 0 0 0 0 0 0 0 0 0 0
110484  0.5109 0.5109 0.0 22.8206 0.17305 0 0 0 0 0 0 0 0 0 0 0 0
110542  0.42696 0.42696 0.0 22.6189 0.15295 0 0 0 0 0 0 0 0 0 0 0 0
110716  0.31579 0.31579 0.0 21.9342 0.1522 0 0 0 0 0 0 0 0 0 0 0 0
110721  0.57824 0.57824 0.0 23.2802 0.1624 0 0 0 0 0 0 0 0 0 0 0 0
120044  0.48176 0.48176 0.0 23.0166 0.15415 0 0 0 0 0 0 0 0 0 0 0 0
120086  0.39267 0.39267 0.0 22.18855 0.1588 0 0 0 0 0 0 0 0 0 0 0 0
120369  0.33059 0.33059 0.0 21.9984 0.1153 0 0 0 0 0 0 0 0 0 0 0 0
150457  0.30337 0.30337 0.0 21.66825 0.11865 0 0 0 0 0 0 0 0 0 0 0 0
160070  0.35902 0.35902 0.0 22.19585 0.1342 0 0 0 0 0 0 0 0 0 0 0 0
160126  0.3602 0.3602 0.0 21.8702 0.1604 0 0 0 0 0 0 0 0 0 0 0 0
160198  0.34902 0.34902 0.0 21.98165 0.1223 0 0 0 0 0 0 0 0 0 0 0 0
160214  0.63056 0.63056 0.0 23.3169 0.11795 0 0 0 0 0 0 0 0 0 0 0 0
170078  0.32092 0.32092 0.0 22.0192 0.15495 0 0 0 0 0 0 0 0 0 0 0 0
180313  0.51002 0.51002 0.0 22.84675 0.1182 0 0 0 0 0 0 0 0 0 0 0 0
190209  0.36646 0.36646 0.0 22.0067 0.1243 0 0 0 0 0 0 0 0 0 0 0 0
310090  0.34688 0.34688 0.0 22.23255 0.2533 0 0 0 0 0 0 0 0 0 0 0 0
310146  0.47942 0.47942 0.0 22.6131 0.1463 0 0 0 0 0 0 0 0 0 0 0 0
310188  0.31894 0.31894 0.0 21.9169 0.137 0 0 0 0 0 0 0 0 0 0 0 0
310260  0.51879 0.51879 0.0 22.9578 0.1518 0 0 0 0 0 0 0 0 0 0 0 0
320099  0.3799 0.3799 0.0 22.18215 0.1306 0 0 0 0 0 0 0 0 0 0 0 0
320469  0.37089 0.37089 0.0 22.13805 0.26375 0 0 0 0 0 0 0 0 0 0 0 0
350027  0.30567 0.30567 0.0 21.68485 0.12015 0 0 0 0 0 0 0 0 0 0 0 0
350050  0.40471 0.40471 0.0 22.12805 0.15365 0 0 0 0 0 0 0 0 0 0 0 0
350192  0.30156 0.30156 0.0 21.5859 0.13495 0 0 0 0 0 0 0 0 0 0 0 0
350374  0.50091 0.50091 0.0 22.9717 0.1963 0 0 0 0 0 0 0 0 0 0 0 0
350630  0.30525 0.30525 0.0 21.64295 0.1129 0 0 0 0 0 0 0 0 0 0 0 0
360139  0.38598 0.38598 0.0 22.28245 0.126 0 0 0 0 0 0 0 0 0 0 0 0
370329  0.47796 0.47796 0.0 22.9261 0.1649 0 0 0 0 0 0 0 0 0 0 0 0
