#name zcmb zhel dz mb dmb x1 dx1 color dcolor 3rdvar d3rdvar cov_m_s cov_m_c cov_s_c set ra dec biascor
03D4ag  0.2836 0.2836 0.0 21.40915 0.1028 0 0 0 0 0 0 0 0 0 0 0 0
04D1dc  0.21075 0.21075 0.0 20.64495 0.10525 0 0 0 0 0 0 0 0 0 0 0 0
05D2ah  0.18538 0.18538 0.0 20.4558 0.10405 0 0 0 0 0 0 0 0 0 0 0 0
05D3kx  0.21946 0.21946 0.0 20.8469 0.1023 0 0 0 0 0 0 0 0 0 0 0 0
06D2fb  0.12531 0.12531 0.0 19.4684 0.10355 0 0 0 0 0 0 0 0 0 0 0 0
03D3ba  0.29172 0.29172 0.0 21.47215 0.12535 0 0 0 0 0 0 0 0 0 0 0 0
03D4cj  0.26862 0.26862 0.0 21.1762 0.0993 0 0 0 0 0 0 0 0 0 0 0 0
04D3ez  0.26349 0.26349 0.0 21.15515 0.1079 0 0 0 0 0 0 0 0 0 0 0 0
05D1hk  0.26199 0.26199 0.0 21.15835 0.1082 0 0 0 0 0 0 0 0 0 0 0 0
05D3mq  0.24649 0.24649 0.0 21.16055 0.10805 0 0 0 0 0 0 0 0 0 0 0 0
06D3dt  0.28251 0.28251 0.0 21.5746 0.1073 0 0 0 0 0 0 0 0 0 0 0 0
06D3fp  0.26849 0.26849 0.0 21.24725 0.1051 0 0 0 0 0 0 0 0 0 0 0 0
06D3gn  0.2505 0.2505 0.0 21.1763 0.1114 0 0 0 0 0 0 0 0 0 0 0 0
744  0.12679 0.12679 0.0 19.5429 0.11965 0 0 0 0 0 0 0 0 0 0 0 0
1112  0.25577 0.25577 0.0 21.3344 0.1818 0 0 0 0 0 0 0 0 0 0 0 0
1241  0.08859 0.08859 0.0 18.64345 0.10605 0 0 0 0 0 0 0 0 0 0 0 0
1371  0.11782 0.11782 0.0 19.19345 0.0991 0 0 0 0 0 0 0 0 0 0 0 0
1580  0.18356 0.18356 0.0 20.2951 0.1284 0 0 0 0 0 0 0 0 0 0 0 0
1794  0.14055 0.14055 0.0 19.871 0.11635 0 0 0 0 0 0 0 0 0 0 0 0
2031  0.15171 0.15171 0.0 19.7933 0.10325 0 0 0 0 0 0 0 0 0 0 0 0
2102  0.094 0.094 0.0 18.889 0.10285 0 0 0 0 0 0 0 0 0 0 0 0
2165  0.28631 0.28631 0.0 21.6827 0.1504 0 0 0 0 0 0 0 0 0 0 0 0
2422  0.26318 0.26318 0.0 21.3576 0.14295 0 0 0 0 0 0 0 0 0 0 0 0
2635  0.14167 0.14167 0.0 19.79675 0.1047 0 0 0 0 0 0 0 0 0 0 0 0
2689  0.16053 0.16053 0.0 19.9329 0.1156 0 0 0 0 0 0 0 0 0 0 0 0
2916  0.1229 0.1229 0.0 19.3948 0.11665 0 0 0 0 0 0 0 0 0 0 0 0
2992  0.1262 0.1262 0.0 19.36855 0.113 0 0 0 0 0 0 0 0 0 0 0 0
3080  0.17331 0.17331 0.0 20.15345 0.09925 0 0 0 0 0 0 0 0 0 0 0 0
3087  0.16448 0.16448 0.0 20.03175 0.1083 0 0 0 0 0 0 0 0 0 0 0 0
3317  0.16018 0.16018 0.0 19.92285 0.11045 0 0 0 0 0 0 0 0 0 0 0 0
3377  0.24488 0.24488 0.0 20.86815 0.1298 0 0 0 0 0 0 0 0 0 0 0 0
3451  0.24805 0.24805 0.0 20.98175 0.13435 0 0 0 0 0 0 0 0 0 0 0 0
4046  0.27511 0.27511 0.0 21.37075 0.15505 0 0 0 0 0 0 0 0 0 0 0 0
5103  0.1604 0.1604 0.0 19.98615 0.10955 0 0 0 0 0 0 0 0 0 0 0 0
5533  0.21861 0.21861 0.0 20.87005 0.13435 0 0 0 0 0 0 0 0 0 0 0 0
5549  0.12005 0.12005 0.0 19.36835 0.1021 0 0 0 0 0 0 0 0 0 0 0 0
5635  0.17818 0.17818 0.0 20.72835 0.1286 0 0 0 0 0 0 0 0 0 0 0 0
5957  0.279 0.279 0.0 21.50115 0.13265 0 0 0 0 0 0 0 0 0 0 0 0
5994  0.18562 0.18562 0.0 20.48365 0.1298 0 0 0 0 0 0 0 0 0 0 0 0
6057  0.06641 0.06641 0.0 17.9881 0.1134 0 0 0 0 0 0 0 0 0 0 0 0
6108  0.25769 0.25769 0.0 21.2775 0.14285 0 0 0 0 0 0 0 0 0 0 0 0
6196  0.27946 0.27946 0.0 21.2773 0.1398 0 0 0 0 0 0 0 0 0 0 0 0
6315  0.2655 0.2655 0.0 21.0609 0.1301 0 0 0 0 0 0 0 0 0 0 0 0
6422  0.18478 0.18478 0.0 20.37525 0.1056 0 0 0 0 0 0 0 0 0 0 0 0
6558  0.05715 0.05715 0.0 17.65695 0.1072 0 0 0 0 0 0 0 0 0 0 0 0
7147  0.10902 0.10902 0.0 19.1721 0.10285 0 0 0 0 0 0 0 0 0 0 0 0
7243  0.20299 0.20299 0.0 20.7001 0.1382 0 0 0 0 0 0 0 0 0 0 0 0
7847  0.21198 0.21198 0.0 20.68915 0.12295 0 0 0 0 0 0 0 0 0 0 0 0
8495  0.21327 0.21327 0.0 20.78295 0.1364 0 0 0 0 0 0 0 0 0 0 0 0
8921  0.14393 0.14393 0.0 19.83575 0.113 0 0 0 0 0 0 0 0 0 0 0 0
9032  0.25218 0.25218 0.0 21.1678 0.16095 0 0 0 0 0 0 0 0 0 0 0 0
9457  0.25641 0.25641 0.0 21.2758 0.1749 0 0 0 0 0 0 0 0 0 0 0 0
9467  0.2186 0.2186 0.0 20.976 0.1685 0 0 0 0 0 0 0 0 0 0 0 0
12779  0.07883 0.07883 0.0 18.5397 0.12205 0 0 0 0 0 0 0 0 0 0 0 0
12781  0.08328 0.08328 0.0 18.7438 0.11605 0 0 0 0 0 0 0 0 0 0 0 0
12856  0.17008 0.17008 0.0 20.2489 0.107 0 0 0 0 0 0 0 0 0 0 0 0
12881  0.23643 0.23643 0.0 20.87655 0.14325 0 0 0 0 0 0 0 0 0 0 0 0
12898  0.08286 0.08286 0.0 18.5179 0.1055 0 0 0 0 0 0 0 0 0 0 0 0
12927  0.18905 0.18905 0.0 20.2039 0.1187 0 0 0 0 0 0 0 0 0 0 0 0
12950  0.08162 0.08162 0.0 18.511 0.10425 0 0 0 0 0 0 0 0 0 0 0 0
12972  0.25626 0.25626 0.0 21.2564 0.16145 0 0 0 0 0 0 0 0 0 0 0 0
13005  0.12631 0.12631 0.0 19.58525 0.13485 0 0 0 0 0 0 0 0 0 0 0 0
13038  0.1028 0.1028 0.0 19.16175 0.1443 0 0 0 0 0 0 0 0 0 0 0 0
13044  0.1244 0.1244 0.0 19.4784 0.1006 0 0 0 0 0 0 0 0 0 0 0 0
13152  0.20192 0.20192 0.0 20.38595 0.11475 0 0 0 0 0 0 0 0 0 0 0 0
13254  0.18004 0.18004 0.0 20.68245 0.14335 0 0 0 0 0 0 0 0 0 0 0 0
13411  0.16163 0.16163 0.0 20.1359 0.1299 0 0 0 0 0 0 0 0 0 0 0 0
13578  0.22644 0.22644 0.0 20.8771 0.141 0 0 0 0 0 0 0 0 0 0 0 0
13610  0.29649 0.29649 0.0 21.4449 0.1446 0 0 0 0 0 0 0 0 0 0 0 0
13689  0.24999 0.24999 0.0 21.20115 0.13305 0 0 0 0 0 0 0 0 0 0 0 0
13736  0.14864 0.14864 0.0 19.91815 0.1063 0 0 0 0 0 0 0 0 0 0 0 0
13796  0.14711 0.14711 0.0 19.776 0.10335 0 0 0 0 0 0 0 0 0 0 0 0
14019  0.2149 0.2149 0.0 21.20185 0.1483 0 0 0 0 0 0 0 0 0 0 0 0
14024  0.14462 0.14462 0.0 19.8106 0.13965 0 0 0 0 0 0 0 0 0 0 0 0
14108  0.13226 0.13226 0.0 19.9293 0.1333 0 0 0 0 0 0 0 0 0 0 0 0
14331  0.2195 0.2195 0.0 21.00055 0.1346 0 0 0 0 0 0 0 0 0 0 0 0
14421  0.1742 0.1742 0.0 20.3461 0.1115 0 0 0 0 0 0 0 0 0 0 0 0
14451  0.17772 0.17772 0.0 20.20345 0.1224 0 0 0 0 0 0 0 0 0 0 0 0
14735  0.29911 0.29911 0.0 21.51975 0.1301 0 0 0 0 0 0 0 0 0 0 0 0
14871  0.1187 0.1187 0.0 19.44875 0.1339 0 0 0 0 0 0 0 0 0 0 0 0
14979  0.17685 0.17685 0.0 20.2397 0.106 0 0 0 0 0 0 0 0 0 0 0 0
15057  0.24526 0.24526 0.0 21.3752 0.1882 0 0 0 0 0 0 0 0 0 0 0 0
15129  0.1959 0.1959 0.0 20.54825 0.11935 0 0 0 0 0 0 0 0 0 0 0 0
15161  0.24832 0.24832 0.0 21.09655 0.1326 0 0 0 0 0 0 0 0 0 0 0 0
15219  0.24616 0.24616 0.0 21.1569 0.13055 0 0 0 0 0 0 0 0 0 0 0 0
15234  0.13527 0.13527 0.0 19.9671 0.1135 0 0 0 0 0 0 0 0 0 0 0 0
15259  0.21028 0.21028 0.0 20.6402 0.1335 0 0 0 0 0 0 0 0 0 0 0 0
15287  0.23603 0.23603 0.0 21.1547 0.12315 0 0 0 0 0 0 0 0 0 0 0 0
15301  0.17831 0.17831 0.0 20.37535 0.1134 0 0 0 0 0 0 0 0 0 0 0 0
15354  0.22043 0.22043 0.0 20.81795 0.15445 0 0 0 0 0 0 0 0 0 0 0 0
15421  0.1846 0.1846 0.0 20.55175 0.1118 0 0 0 0 0 0 0 0 0 0 0 0
15440  0.2611 0.2611 0.0 21.2036 0.13865 0 0 0 0 0 0 0 0 0 0 0 0
15443  0.18122 0.18122 0.0 20.21145 0.10535 0 0 0 0 0 0 0 0 0 0 0 0
15461  0.1846 0.1846 0.0 20.38765 0.1082 0 0 0 0 0 0 0 0 0 0 0 0
15467  0.20824 0.20824 0.0 20.65465 0.12075 0 0 0 0 0 0 0 0 0 0 0 0
15583  0.17746 0.17746 0.0 20.33625 0.12905 0 0 0 0 0 0 0 0 0 0 0 0
15868  0.24954 0.24954 0.0 21.1676 0.1247 0 0 0 0 0 0 0 0 0 0 0 0
15901  0.20324 0.20324 0.0 20.6509 0.11955 0 0 0 0 0 0 0 0 0 0 0 0
16021  0.12347 0.12347 0.0 19.4198 0.10285 0 0 0 0 0 0 0 0 0 0 0 0
16032  0.20314 0.20314 0.0 20.64385 0.12035 0 0 0 0 0 0 0 0 0 0 0 0
16073  0.15352 0.15352 0.0 20.1226 0.10495 0 0 0 0 0 0 0 0 0 0 0 0
16099  0.19582 0.19582 0.0 20.5286 0.1151 0 0 0 0 0 0 0 0 0 0 0 0
16106  0.24943 0.24943 0.0 21.0769 0.14445 0 0 0 0 0 0 0 0 0 0 0 0
16116  0.1549 0.1549 0.0 20.0251 0.1063 0 0 0 0 0 0 0 0 0 0 0 0
16165  0.15625 0.15625 0.0 19.98785 0.12595 0 0 0 0 0 0 0 0 0 0 0 0
16206  0.15819 0.15819 0.0 19.81685 0.12375 0 0 0 0 0 0 0 0 0 0 0 0
16213  0.24828 0.24828 0.0 21.1261 0.1388 0 0 0 0 0 0 0 0 0 0 0 0
16281  0.18484 0.18484 0.0 20.31575 0.1235 0 0 0 0 0 0 0 0 0 0 0 0
17168  0.18353 0.18353 0.0 20.5074 0.1247 0 0 0 0 0 0 0 0 0 0 0 0
17215  0.18212 0.18212 0.0 20.37965 0.13765 0 0 0 0 0 0 0 0 0 0 0 0
17218  0.17675 0.17675 0.0 20.28545 0.129 0 0 0 0 0 0 0 0 0 0 0 0
17220  0.17748 0.17748 0.0 20.0718 0.12115 0 0 0 0 0 0 0 0 0 0 0 0
17240  0.0718 0.0718 0.0 18.0121 0.1254 0 0 0 0 0 0 0 0 0 0 0 0
17366  0.13796 0.13796 0.0 19.66285 0.10475 0 0 0 0 0 0 0 0 0 0 0 0
17389  0.16941 0.16941 0.0 20.46515 0.1317 0 0 0 0 0 0 0 0 0 0 0 0
17464  0.24527 0.24527 0.0 20.7198 0.14705 0 0 0 0 0 0 0 0 0 0 0 0
17497  0.14406 0.14406 0.0 19.81665 0.10485 0 0 0 0 0 0 0 0 0 0 0 0
17552  0.25163 0.25163 0.0 21.2338 0.1462 0 0 0 0 0 0 0 0 0 0 0 0
17784  0.03743 0.03743 0.0 16.7708 0.1166 0 0 0 0 0 0 0 0 0 0 0 0
17791  0.27716 0.27716 0.0 21.8807 0.2055 0 0 0 0 0 0 0 0 0 0 0 0
17809  0.28712 0.28712 0.0 21.2668 0.1491 0 0 0 0 0 0 0 0 0 0 0 0
17811  0.19845 0.19845 0.0 20.61015 0.13895 0 0 0 0 0 0 0 0 0 0 0 0
17825  0.16031 0.16031 0.0 20.07605 0.129 0 0 0 0 0 0 0 0 0 0 0 0
17875  0.21053 0.21053 0.0 21.0136 0.15075 0 0 0 0 0 0 0 0 0 0 0 0
17884  0.23753 0.23753 0.0 21.0147 0.1316 0 0 0 0 0 0 0 0 0 0 0 0
18030  0.15499 0.15499 0.0 20.14265 0.11795 0 0 0 0 0 0 0 0 0 0 0 0
18241  0.0939 0.0939 0.0 18.94955 0.14945 0 0 0 0 0 0 0 0 0 0 0 0
18323  0.15253 0.15253 0.0 20.08555 0.11355 0 0 0 0 0 0 0 0 0 0 0 0
18325  0.25693 0.25693 0.0 21.2741 0.1446 0 0 0 0 0 0 0 0 0 0 0 0
18466  0.21231 0.21231 0.0 20.80065 0.1303 0 0 0 0 0 0 0 0 0 0 0 0
18486  0.24583 0.24583 0.0 20.88445 0.13085 0 0 0 0 0 0 0 0 0 0 0 0
18602  0.13679 0.13679 0.0 19.76485 0.11075 0 0 0 0 0 0 0 0 0 0 0 0
18697  0.10643 0.10643 0.0 19.09035 0.10245 0 0 0 0 0 0 0 0 0 0 0 0
18749  0.1891 0.1891 0.0 20.4864 0.13035 0 0 0 0 0 0 0 0 0 0 0 0
18804  0.19731 0.19731 0.0 20.4352 0.1122 0 0 0 0 0 0 0 0 0 0 0 0
18809  0.12783 0.12783 0.0 19.5616 0.132 0 0 0 0 0 0 0 0 0 0 0 0
18835  0.12291 0.12291 0.0 19.44025 0.1033 0 0 0 0 0 0 0 0 0 0 0 0
18855  0.12687 0.12687 0.0 19.59325 0.10365 0 0 0 0 0 0 0 0 0 0 0 0
18927  0.21311 0.21311 0.0 20.67635 0.1429 0 0 0 0 0 0 0 0 0 0 0 0
18940  0.21075 0.21075 0.0 20.727 0.12695 0 0 0 0 0 0 0 0 0 0 0 0
18945  0.26826 0.26826 0.0 21.4883 0.15275 0 0 0 0 0 0 0 0 0 0 0 0
18965  0.20431 0.20431 0.0 20.66435 0.12435 0 0 0 0 0 0 0 0 0 0 0 0
19002  0.26991 0.26991 0.0 21.2859 0.12695 0 0 0 0 0 0 0 0 0 0 0 0
19023  0.24162 0.24162 0.0 20.98075 0.15175 0 0 0 0 0 0 0 0 0 0 0 0
19027  0.2908 0.2908 0.0 21.236 0.14645 0 0 0 0 0 0 0 0 0 0 0 0
19128  0.28509 0.28509 0.0 21.60225 0.15435 0 0 0 0 0 0 0 0 0 0 0 0
19230  0.21929 0.21929 0.0 20.6719 0.1534 0 0 0 0 0 0 0 0 0 0 0 0
19282  0.17537 0.17537 0.0 20.24765 0.1249 0 0 0 0 0 0 0 0 0 0 0 0
19341  0.23517 0.23517 0.0 20.9929 0.1458 0 0 0 0 0 0 0 0 0 0 0 0
19353  0.15298 0.15298 0.0 19.99965 0.1096 0 0 0 0 0 0 0 0 0 0 0 0
19425  0.20982 0.20982 0.0 20.90475 0.1584 0 0 0 0 0 0 0 0 0 0 0 0
19596  0.29121 0.29121 0.0 21.51945 0.1501 0 0 0 0 0 0 0 0 0 0 0 0
19775  0.13672 0.13672 0.0 19.7402 0.1138 0 0 0 0 0 0 0 0 0 0 0 0
19794  0.29532 0.29532 0.0 21.7708 0.1925 0 0 0 0 0 0 0 0 0 0 0 0
19913  0.20532 0.20532 0.0 20.73155 0.1351 0 0 0 0 0 0 0 0 0 0 0 0
19953  0.12175 0.12175 0.0 19.34125 0.09805 0 0 0 0 0 0 0 0 0 0 0 0
19969  0.17424 0.17424 0.0 20.2369 0.11045 0 0 0 0 0 0 0 0 0 0 0 0
19990  0.24862 0.24862 0.0 21.2028 0.13995 0 0 0 0 0 0 0 0 0 0 0 0
20039  0.2453 0.2453 0.0 21.1159 0.14105 0 0 0 0 0 0 0 0 0 0 0 0
20084  0.13816 0.13816 0.0 19.8495 0.1169 0 0 0 0 0 0 0 0 0 0 0 0
20088  0.24288 0.24288 0.0 21.02795 0.1175 0 0 0 0 0 0 0 0 0 0 0 0
20111  0.24237 0.24237 0.0 21.18455 0.15195 0 0 0 0 0 0 0 0 0 0 0 0
20227  0.2754 0.2754 0.0 21.4485 0.153 0 0 0 0 0 0 0 0 0 0 0 0
20364  0.21735 0.21735 0.0 20.89395 0.15665 0 0 0 0 0 0 0 0 0 0 0 0
20581  0.20311 0.20311 0.0 20.5734 0.12555 0 0 0 0 0 0 0 0 0 0 0 0
20687  0.19005 0.19005 0.0 20.4061 0.1552 0 0 0 0 0 0 0 0 0 0 0 0
21006  0.29003 0.29003 0.0 21.3714 0.15315 0 0 0 0 0 0 0 0 0 0 0 0
21033  0.22796 0.22796 0.0 20.83435 0.15045 0 0 0 0 0 0 0 0 0 0 0 0
21062  0.13712 0.13712 0.0 20.12265 0.11415 0 0 0 0 0 0 0 0 0 0 0 0
21502  0.08798 0.08798 0.0 18.6796 0.1066 0 0 0 0 0 0 0 0 0 0 0 0
722  0.08534 0.08534 0.0 18.62285 0.1057 0 0 0 0 0 0 0 0 0 0 0 0
762  0.19024 0.19024 0.0 20.6486 0.11825 0 0 0 0 0 0 0 0 0 0 0 0
774  0.09278 0.09278 0.0 18.8576 0.109 0 0 0 0 0 0 0 0 0 0 0 0
1032  0.12891 0.12891 0.0 19.58985 0.12795 0 0 0 0 0 0 0 0 0 0 0 0
1253  0.26136 0.26136 0.0 21.1668 0.15835 0 0 0 0 0 0 0 0 0 0 0 0
2017  0.26132 0.26132 0.0 21.4559 0.17885 0 0 0 0 0 0 0 0 0 0 0 0
2246  0.1957 0.1957 0.0 20.61715 0.12925 0 0 0 0 0 0 0 0 0 0 0 0
2308  0.14723 0.14723 0.0 19.83975 0.1218 0 0 0 0 0 0 0 0 0 0 0 0
2330  0.21154 0.21154 0.0 21.14485 0.1818 0 0 0 0 0 0 0 0 0 0 0 0
2372  0.17972 0.17972 0.0 20.30175 0.11325 0 0 0 0 0 0 0 0 0 0 0 0
2440  0.1907 0.1907 0.0 20.6928 0.11925 0 0 0 0 0 0 0 0 0 0 0 0
2561  0.11762 0.11762 0.0 19.41925 0.10595 0 0 0 0 0 0 0 0 0 0 0 0
2789  0.28854 0.28854 0.0 21.5295 0.1639 0 0 0 0 0 0 0 0 0 0 0 0
2943  0.26377 0.26377 0.0 21.2679 0.15695 0 0 0 0 0 0 0 0 0 0 0 0
3199  0.24931 0.24931 0.0 21.38165 0.1409 0 0 0 0 0 0 0 0 0 0 0 0
3452  0.22939 0.22939 0.0 20.8794 0.1271 0 0 0 0 0 0 0 0 0 0 0 0
3592  0.08575 0.08575 0.0 18.608 0.10035 0 0 0 0 0 0 0 0 0 0 0 0
4000  0.27631 0.27631 0.0 21.62545 0.19055 0 0 0 0 0 0 0 0 0 0 0 0
5395  0.11659 0.11659 0.0 19.38465 0.1036 0 0 0 0 0 0 0 0 0 0 0 0
5550  0.15474 0.15474 0.0 19.83105 0.1045 0 0 0 0 0 0 0 0 0 0 0 0
5717  0.2501 0.2501 0.0 21.2982 0.13225 0 0 0 0 0 0 0 0 0 0 0 0
5736  0.25149 0.25149 0.0 21.209 0.1266 0 0 0 0 0 0 0 0 0 0 0 0
5751  0.12941 0.12941 0.0 19.5471 0.1075 0 0 0 0 0 0 0 0 0 0 0 0
6137  0.29859 0.29859 0.0 21.66705 0.1633 0 0 0 0 0 0 0 0 0 0 0 0
6192  0.27057 0.27057 0.0 21.3419 0.169 0 0 0 0 0 0 0 0 0 0 0 0
6249  0.29318 0.29318 0.0 21.57975 0.1437 0 0 0 0 0 0 0 0 0 0 0 0
6304  0.18988 0.18988 0.0 20.46505 0.1185 0 0 0 0 0 0 0 0 0 0 0 0
6406  0.12368 0.12368 0.0 19.4023 0.1022 0 0 0 0 0 0 0 0 0 0 0 0
6780  0.20244 0.20244 0.0 20.60265 0.13765 0 0 0 0 0 0 0 0 0 0 0 0
6933  0.21139 0.21139 0.0 20.6247 0.1276 0 0 0 0 0 0 0 0 0 0 0 0
6936  0.1787 0.1787 0.0 20.4025 0.1152 0 0 0 0 0 0 0 0 0 0 0 0
7473  0.21432 0.21432 0.0 20.8217 0.1308 0 0 0 0 0 0 0 0 0 0 0 0
7512  0.21791 0.21791 0.0 20.9318 0.14225 0 0 0 0 0 0 0 0 0 0 0 0
7876  0.07523 0.07523 0.0 18.2988 0.10185 0 0 0 0 0 0 0 0 0 0 0 0
8046  0.2574 0.2574 0.0 21.37115 0.15 0 0 0 0 0 0 0 0 0 0 0 0
8213  0.18446 0.18446 0.0 20.3647 0.13065 0 0 0 0 0 0 0 0 0 0 0 0
8719  0.11639 0.11639 0.0 19.29475 0.10185 0 0 0 0 0 0 0 0 0 0 0 0
10028  0.06481 0.06481 0.0 17.87655 0.1109 0 0 0 0 0 0 0 0 0 0 0 0
10434  0.10298 0.10298 0.0 19.16045 0.103 0 0 0 0 0 0 0 0 0 0 0 0
10805  0.04437 0.04437 0.0 16.92415 0.11995 0 0 0 0 0 0 0 0 0 0 0 0
12843  0.16576 0.16576 0.0 19.9345 0.12155 0 0 0 0 0 0 0 0 0 0 0 0
12853  0.16799 0.16799 0.0 20.0523 0.1219 0 0 0 0 0 0 0 0 0 0 0 0
12855  0.17043 0.17043 0.0 20.12375 0.14255 0 0 0 0 0 0 0 0 0 0 0 0
12860  0.12029 0.12029 0.0 19.52005 0.11295 0 0 0 0 0 0 0 0 0 0 0 0
12928  0.13855 0.13855 0.0 19.76995 0.1308 0 0 0 0 0 0 0 0 0 0 0 0
12971  0.23353 0.23353 0.0 20.92065 0.1527 0 0 0 0 0 0 0 0 0 0 0 0
12977  0.24615 0.24615 0.0 21.0223 0.14645 0 0 0 0 0 0 0 0 0 0 0 0
13025  0.22259 0.22259 0.0 21.0804 0.1546 0 0 0 0 0 0 0 0 0 0 0 0
13045  0.17893 0.17893 0.0 20.2809 0.1225 0 0 0 0 0 0 0 0 0 0 0 0
13070  0.19694 0.19694 0.0 20.5818 0.1167 0 0 0 0 0 0 0 0 0 0 0 0
13072  0.22889 0.22889 0.0 20.99445 0.14355 0 0 0 0 0 0 0 0 0 0 0 0
13099  0.26419 0.26419 0.0 21.45355 0.1665 0 0 0 0 0 0 0 0 0 0 0 0
13135  0.1034 0.1034 0.0 19.10195 0.1007 0 0 0 0 0 0 0 0 0 0 0 0
13305  0.21313 0.21313 0.0 20.73185 0.12325 0 0 0 0 0 0 0 0 0 0 0 0
13354  0.1568 0.1568 0.0 19.944 0.1104 0 0 0 0 0 0 0 0 0 0 0 0
13506  0.24317 0.24317 0.0 21.24885 0.15475 0 0 0 0 0 0 0 0 0 0 0 0
13511  0.23823 0.23823 0.0 21.2481 0.14335 0 0 0 0 0 0 0 0 0 0 0 0
13641  0.20827 0.20827 0.0 20.70195 0.1319 0 0 0 0 0 0 0 0 0 0 0 0
13655  0.25085 0.25085 0.0 21.4064 0.1659 0 0 0 0 0 0 0 0 0 0 0 0
13727  0.2251 0.2251 0.0 20.861 0.12955 0 0 0 0 0 0 0 0 0 0 0 0
13757  0.28707 0.28707 0.0 21.45405 0.14295 0 0 0 0 0 0 0 0 0 0 0 0
13835  0.24575 0.24575 0.0 21.128 0.1225 0 0 0 0 0 0 0 0 0 0 0 0
13894  0.11981 0.11981 0.0 19.65185 0.142 0 0 0 0 0 0 0 0 0 0 0 0
14157  0.21037 0.21037 0.0 20.57655 0.1203 0 0 0 0 0 0 0 0 0 0 0 0
14212  0.20284 0.20284 0.0 20.7349 0.1164 0 0 0 0 0 0 0 0 0 0 0 0
14261  0.28403 0.28403 0.0 21.2982 0.13635 0 0 0 0 0 0 0 0 0 0 0 0
14284  0.18046 0.18046 0.0 20.13755 0.10565 0 0 0 0 0 0 0 0 0 0 0 0
14298  0.26043 0.26043 0.0 21.31275 0.1521 0 0 0 0 0 0 0 0 0 0 0 0
14437  0.14774 0.14774 0.0 19.8403 0.1023 0 0 0 0 0 0 0 0 0 0 0 0
14481  0.24177 0.24177 0.0 21.3452 0.1569 0 0 0 0 0 0 0 0 0 0 0 0
14846  0.22308 0.22308 0.0 20.93075 0.1281 0 0 0 0 0 0 0 0 0 0 0 0
14984  0.18261 0.18261 0.0 20.58185 0.1376 0 0 0 0 0 0 0 0 0 0 0 0
15132  0.15286 0.15286 0.0 20.0024 0.10245 0 0 0 0 0 0 0 0 0 0 0 0
15171  0.13806 0.13806 0.0 19.70325 0.10245 0 0 0 0 0 0 0 0 0 0 0 0
15201  0.2071 0.2071 0.0 21.03995 0.18575 0 0 0 0 0 0 0 0 0 0 0 0
15203  0.20291 0.20291 0.0 20.64165 0.1209 0 0 0 0 0 0 0 0 0 0 0 0
15222  0.19777 0.19777 0.0 20.49105 0.129 0 0 0 0 0 0 0 0 0 0 0 0
15229  0.2223 0.2223 0.0 20.9356 0.1392 0 0 0 0 0 0 0 0 0 0 0 0
15356  0.27307 0.27307 0.0 21.30625 0.14505 0 0 0 0 0 0 0 0 0 0 0 0
15365  0.18628 0.18628 0.0 20.52515 0.11385 0 0 0 0 0 0 0 0 0 0 0 0
15425  0.15933 0.15933 0.0 19.83815 0.1054 0 0 0 0 0 0 0 0 0 0 0 0
15433  0.21911 0.21911 0.0 20.8854 0.1261 0 0 0 0 0 0 0 0 0 0 0 0
15453  0.17354 0.17354 0.0 20.4812 0.1283 0 0 0 0 0 0 0 0 0 0 0 0
15466  0.2441 0.2441 0.0 20.96025 0.1449 0 0 0 0 0 0 0 0 0 0 0 0
15508  0.13366 0.13366 0.0 19.59395 0.101 0 0 0 0 0 0 0 0 0 0 0 0
15584  0.28313 0.28313 0.0 21.4441 0.13595 0 0 0 0 0 0 0 0 0 0 0 0
15648  0.17365 0.17365 0.0 20.3284 0.1373 0 0 0 0 0 0 0 0 0 0 0 0
15674  0.1963 0.1963 0.0 20.70795 0.1369 0 0 0 0 0 0 0 0 0 0 0 0
15872  0.20562 0.20562 0.0 20.5658 0.12095 0 0 0 0 0 0 0 0 0 0 0 0
15897  0.17371 0.17371 0.0 20.28215 0.12665 0 0 0 0 0 0 0 0 0 0 0 0
16069  0.12672 0.12672 0.0 19.526 0.1097 0 0 0 0 0 0 0 0 0 0 0 0
16072  0.284 0.284 0.0 21.474 0.15145 0 0 0 0 0 0 0 0 0 0 0 0
16100  0.19358 0.19358 0.0 20.5958 0.1361 0 0 0 0 0 0 0 0 0 0 0 0
16185  0.10036 0.10036 0.0 18.95705 0.11145 0 0 0 0 0 0 0 0 0 0 0 0
16259  0.11787 0.11787 0.0 19.35185 0.11365 0 0 0 0 0 0 0 0 0 0 0 0
16276  0.1919 0.1919 0.0 20.5315 0.1404 0 0 0 0 0 0 0 0 0 0 0 0
16350  0.23657 0.23657 0.0 21.01435 0.146 0 0 0 0 0 0 0 0 0 0 0 0
17171  0.15881 0.15881 0.0 19.99615 0.1245 0 0 0 0 0 0 0 0 0 0 0 0
17186  0.07877 0.07877 0.0 18.7576 0.11205 0 0 0 0 0 0 0 0 0 0 0 0
17208  0.13847 0.13847 0.0 19.99935 0.13335 0 0 0 0 0 0 0 0 0 0 0 0
17223  0.23359 0.23359 0.0 20.88475 0.1537 0 0 0 0 0 0 0 0 0 0 0 0
17253  0.1567 0.1567 0.0 20.02475 0.15485 0 0 0 0 0 0 0 0 0 0 0 0
17258  0.08833 0.08833 0.0 18.4809 0.11615 0 0 0 0 0 0 0 0 0 0 0 0
17280  0.12995 0.12995 0.0 19.79635 0.12165 0 0 0 0 0 0 0 0 0 0 0 0
17332  0.18223 0.18223 0.0 20.3359 0.12625 0 0 0 0 0 0 0 0 0 0 0 0
17340  0.25654 0.25654 0.0 21.13985 0.14805 0 0 0 0 0 0 0 0 0 0 0 0
17435  0.21651 0.21651 0.0 20.8123 0.13625 0 0 0 0 0 0 0 0 0 0 0 0
17605  0.14519 0.14519 0.0 19.90865 0.1399 0 0 0 0 0 0 0 0 0 0 0 0
17629  0.13653 0.13653 0.0 19.58645 0.1105 0 0 0 0 0 0 0 0 0 0 0 0
17801  0.20493 0.20493 0.0 20.934 0.1568 0 0 0 0 0 0 0 0 0 0 0 0
18415  0.12924 0.12924 0.0 19.61205 0.10875 0 0 0 0 0 0 0 0 0 0 0 0
18463  0.26658 0.26658 0.0 21.33225 0.14765 0 0 0 0 0 0 0 0 0 0 0 0
18485  0.27805 0.27805 0.0 21.3866 0.13915 0 0 0 0 0 0 0 0 0 0 0 0
18604  0.17461 0.17461 0.0 20.5056 0.1317 0 0 0 0 0 0 0 0 0 0 0 0
18612  0.11376 0.11376 0.0 19.1271 0.10675 0 0 0 0 0 0 0 0 0 0 0 0
18650  0.11229 0.11229 0.0 19.38095 0.1026 0 0 0 0 0 0 0 0 0 0 0 0
18740  0.15333 0.15333 0.0 19.8424 0.10465 0 0 0 0 0 0 0 0 0 0 0 0
18768  0.1965 0.1965 0.0 20.7379 0.13845 0 0 0 0 0 0 0 0 0 0 0 0
18787  0.18914 0.18914 0.0 20.88525 0.12885 0 0 0 0 0 0 0 0 0 0 0 0
18807  0.17708 0.17708 0.0 20.47675 0.1273 0 0 0 0 0 0 0 0 0 0 0 0
19008  0.21731 0.21731 0.0 20.7809 0.13945 0 0 0 0 0 0 0 0 0 0 0 0
19101  0.18542 0.18542 0.0 20.33785 0.1283 0 0 0 0 0 0 0 0 0 0 0 0
19174  0.16382 0.16382 0.0 20.0237 0.11915 0 0 0 0 0 0 0 0 0 0 0 0
19207  0.2569 0.2569 0.0 21.34695 0.16715 0 0 0 0 0 0 0 0 0 0 0 0
19543  0.1218 0.1218 0.0 19.58065 0.13445 0 0 0 0 0 0 0 0 0 0 0 0
19616  0.16514 0.16514 0.0 20.09405 0.10665 0 0 0 0 0 0 0 0 0 0 0 0
19658  0.1984 0.1984 0.0 20.6407 0.1317 0 0 0 0 0 0 0 0 0 0 0 0
19702  0.26828 0.26828 0.0 21.39935 0.16265 0 0 0 0 0 0 0 0 0 0 0 0
19940  0.14566 0.14566 0.0 19.6731 0.12755 0 0 0 0 0 0 0 0 0 0 0 0
19968  0.05573 0.05573 0.0 17.56165 0.10915 0 0 0 0 0 0 0 0 0 0 0 0
19992  0.22425 0.22425 0.0 21.16495 0.15345 0 0 0 0 0 0 0 0 0 0 0 0
20040  0.28622 0.28622 0.0 21.42305 0.15585 0 0 0 0 0 0 0 0 0 0 0 0
20048  0.18365 0.18365 0.0 20.55265 0.14145 0 0 0 0 0 0 0 0 0 0 0 0
20064  0.1036 0.1036 0.0 18.96075 0.10555 0 0 0 0 0 0 0 0 0 0 0 0
20144  0.2184 0.2184 0.0 20.76195 0.1415 0 0 0 0 0 0 0 0 0 0 0 0
20345  0.26327 0.26327 0.0 21.035 0.1514 0 0 0 0 0 0 0 0 0 0 0 0
20430  0.16267 0.16267 0.0 20.2483 0.1303 0 0 0 0 0 0 0 0 0 0 0 0
20625  0.10689 0.10689 0.0 19.2184 0.10455 0 0 0 0 0 0 0 0 0 0 0 0
20764  0.16503 0.16503 0.0 20.0849 0.11585 0 0 0 0 0 0 0 0 0 0 0 0
21034  0.10757 0.10757 0.0 19.24475 0.10865 0 0 0 0 0 0 0 0 0 0 0 0
22075  0.12913 0.12913 0.0 19.5083 0.1143 0 0 0 0 0 0 0 0 0 0 0 0
2001ah  0.05948 0.05948 0.0 17.71775 0.12625 0 0 0 0 0 0 0 0 0 0 0 0
2001az  0.04093 0.04093 0.0 17.0528 0.11665 0 0 0 0 0 0 0 0 0 0 0 0
2001da  0.01705 0.01705 0.0 14.85645 0.1832 0 0 0 0 0 0 0 0 0 0 0 0
2001en  0.01531 0.01531 0.0 14.59755 0.1613 0 0 0 0 0 0 0 0 0 0 0 0
2001fe  0.01472 0.01472 0.0 14.6158 0.14905 0 0 0 0 0 0 0 0 0 0 0 0
2001gb  0.02673 0.02673 0.0 15.97105 0.16165 0 0 0 0 0 0 0 0 0 0 0 0
2001G  0.01732 0.01732 0.0 14.8718 0.1587 0 0 0 0 0 0 0 0 0 0 0 0
2001ic  0.04437 0.04437 0.0 16.72085 0.19805 0 0 0 0 0 0 0 0 0 0 0 0
2001V  0.01567 0.01567 0.0 14.4307 0.15405 0 0 0 0 0 0 0 0 0 0 0 0
2002bf  0.02477 0.02477 0.0 15.6593 0.1718 0 0 0 0 0 0 0 0 0 0 0 0
2002bz  0.038 0.038 0.0 16.7664 0.13185 0 0 0 0 0 0 0 0 0 0 0 0
2002ck  0.0299 0.0299 0.0 16.2413 0.123 0 0 0 0 0 0 0 0 0 0 0 0
2002cr  0.01012 0.01012 0.0 13.90745 0.19825 0 0 0 0 0 0 0 0 0 0 0 0
2002de  0.0258 0.0258 0.0 16.1648 0.1376 0 0 0 0 0 0 0 0 0 0 0 0
2002dp  0.01038 0.01038 0.0 14.0496 0.2048 0 0 0 0 0 0 0 0 0 0 0 0
2002eu  0.03791 0.03791 0.0 16.5851 0.2001 0 0 0 0 0 0 0 0 0 0 0 0
2002G  0.03507 0.03507 0.0 16.45115 0.16785 0 0 0 0 0 0 0 0 0 0 0 0
2002ha  0.01268 0.01268 0.0 14.4486 0.171 0 0 0 0 0 0 0 0 0 0 0 0
2002he  0.02525 0.02525 0.0 15.82815 0.13295 0 0 0 0 0 0 0 0 0 0 0 0
2002kf  0.01908 0.01908 0.0 15.3534 0.14115 0 0 0 0 0 0 0 0 0 0 0 0
2003ae  0.03489 0.03489 0.0 16.36835 0.1667 0 0 0 0 0 0 0 0 0 0 0 0
2003ch  0.0295 0.0295 0.0 16.3438 0.12735 0 0 0 0 0 0 0 0 0 0 0 0
2003cq  0.03416 0.03416 0.0 16.57565 0.1563 0 0 0 0 0 0 0 0 0 0 0 0
2003fa  0.04067 0.04067 0.0 16.7928 0.1127 0 0 0 0 0 0 0 0 0 0 0 0
2003hu  0.07515 0.07515 0.0 17.8882 0.1248 0 0 0 0 0 0 0 0 0 0 0 0
2003ic  0.05581 0.05581 0.0 17.23215 0.12285 0 0 0 0 0 0 0 0 0 0 0 0
2003it  0.02529 0.02529 0.0 15.7896 0.1405 0 0 0 0 0 0 0 0 0 0 0 0
2003iv  0.03501 0.03501 0.0 16.6581 0.12485 0 0 0 0 0 0 0 0 0 0 0 0
2003U  0.02846 0.02846 0.0 16.0051 0.13405 0 0 0 0 0 0 0 0 0 0 0 0
2004as  0.0328 0.0328 0.0 16.64085 0.12525 0 0 0 0 0 0 0 0 0 0 0 0
2004L  0.03378 0.03378 0.0 16.38795 0.1403 0 0 0 0 0 0 0 0 0 0 0 0
2005hc  0.04597 0.04597 0.0 17.2822 0.1025 0 0 0 0 0 0 0 0 0 0 0 0
2005hf  0.04341 0.04341 0.0 16.93145 0.1209 0 0 0 0 0 0 0 0 0 0 0 0
2005hj  0.05684 0.05684 0.0 17.73355 0.1203 0 0 0 0 0 0 0 0 0 0 0 0
2005ki  0.02024 0.02024 0.0 15.2868 0.12735 0 0 0 0 0 0 0 0 0 0 0 0
2005lu  0.03191 0.03191 0.0 16.59205 0.12775 0 0 0 0 0 0 0 0 0 0 0 0
2005lz  0.0415 0.0415 0.0 16.9967 0.1259 0 0 0 0 0 0 0 0 0 0 0 0
2005mc  0.02639 0.02639 0.0 15.93305 0.1399 0 0 0 0 0 0 0 0 0 0 0 0
2005ms  0.02651 0.02651 0.0 16.06745 0.1248 0 0 0 0 0 0 0 0 0 0 0 0
2005na  0.02689 0.02689 0.0 15.87545 0.126 0 0 0 0 0 0 0 0 0 0 0 0
2006ac  0.02349 0.02349 0.0 15.6236 0.1338 0 0 0 0 0 0 0 0 0 0 0 0
2006ah  0.05067 0.05067 0.0 17.57225 0.158 0 0 0 0 0 0 0 0 0 0 0 0
2006ak  0.04093 0.04093 0.0 16.7302 0.1297 0 0 0 0 0 0 0 0 0 0 0 0
2006al  0.06877 0.06877 0.0 18.16815 0.11055 0 0 0 0 0 0 0 0 0 0 0 0
2006ax  0.01754 0.01754 0.0 14.9841 0.1341 0 0 0 0 0 0 0 0 0 0 0 0
2006bb  0.02557 0.02557 0.0 15.8607 0.1496 0 0 0 0 0 0 0 0 0 0 0 0
2006bq  0.02189 0.02189 0.0 15.53085 0.1381 0 0 0 0 0 0 0 0 0 0 0 0
2006bw  0.03155 0.03155 0.0 16.1279 0.14115 0 0 0 0 0 0 0 0 0 0 0 0
2006cj  0.06845 0.06845 0.0 18.31035 0.1248 0 0 0 0 0 0 0 0 0 0 0 0
2006cp  0.02249 0.02249 0.0 15.56975 0.1391 0 0 0 0 0 0 0 0 0 0 0 0
2006cq  0.04949 0.04949 0.0 17.32405 0.12545 0 0 0 0 0 0 0 0 0 0 0 0
2006en  0.03161 0.03161 0.0 16.3736 0.12625 0 0 0 0 0 0 0 0 0 0 0 0
2006gr  0.03434 0.03434 0.0 16.61295 0.1249 0 0 0 0 0 0 0 0 0 0 0 0
2006gt  0.04486 0.04486 0.0 17.2055 0.14795 0 0 0 0 0 0 0 0 0 0 0 0
2006hb  0.01531 0.01531 0.0 14.74935 0.1526 0 0 0 0 0 0 0 0 0 0 0 0
2006is  0.03048 0.03048 0.0 16.25295 0.1342 0 0 0 0 0 0 0 0 0 0 0 0
2006je  0.03837 0.03837 0.0 16.9021 0.16555 0 0 0 0 0 0 0 0 0 0 0 0
2006mo  0.03682 0.03682 0.0 16.77055 0.12655 0 0 0 0 0 0 0 0 0 0 0 0
2006mp  0.0221 0.0221 0.0 15.7795 0.13695 0 0 0 0 0 0 0 0 0 0 0 0
2006N  0.01402 0.01402 0.0 14.64805 0.16195 0 0 0 0 0 0 0 0 0 0 0 0
2006oa  0.0589 0.0589 0.0 17.792 0.11395 0 0 0 0 0 0 0 0 0 0 0 0
2006ob  0.05895 0.05895 0.0 17.7707 0.10045 0 0 0 0 0 0 0 0 0 0 0 0
2006on  0.06888 0.06888 0.0 18.1778 0.15105 0 0 0 0 0 0 0 0 0 0 0 0
2006or  0.0204 0.0204 0.0 15.7067 0.156 0 0 0 0 0 0 0 0 0 0 0 0
2006qo  0.02894 0.02894 0.0 16.02685 0.1316 0 0 0 0 0 0 0 0 0 0 0 0
2006sr  0.02384 0.02384 0.0 15.7013 0.1335 0 0 0 0 0 0 0 0 0 0 0 0
2006td  0.01451 0.01451 0.0 14.89705 0.16765 0 0 0 0 0 0 0 0 0 0 0 0
2006te  0.03292 0.03292 0.0 16.452 0.1185 0 0 0 0 0 0 0 0 0 0 0 0
2007ae  0.06455 0.06455 0.0 17.78945 0.1136 0 0 0 0 0 0 0 0 0 0 0 0
2007ap  0.01663 0.01663 0.0 15.01385 0.15025 0 0 0 0 0 0 0 0 0 0 0 0
2007ar  0.05359 0.05359 0.0 17.4687 0.1439 0 0 0 0 0 0 0 0 0 0 0 0
2007bd  0.03163 0.03163 0.0 16.21965 0.11945 0 0 0 0 0 0 0 0 0 0 0 0
2007co  0.02751 0.02751 0.0 15.9978 0.1291 0 0 0 0 0 0 0 0 0 0 0 0
2007cq  0.02559 0.02559 0.0 15.5514 0.1259 0 0 0 0 0 0 0 0 0 0 0 0
2007F  0.02401 0.02401 0.0 15.78645 0.12635 0 0 0 0 0 0 0 0 0 0 0 0
2007O  0.03713 0.03713 0.0 16.56045 0.1177 0 0 0 0 0 0 0 0 0 0 0 0
2008af  0.03408 0.03408 0.0 16.39975 0.12455 0 0 0 0 0 0 0 0 0 0 0 0
2008bf  0.02454 0.02454 0.0 15.6001 0.1278 0 0 0 0 0 0 0 0 0 0 0 0
2008L  0.01697 0.01697 0.0 14.91335 0.1531 0 0 0 0 0 0 0 0 0 0 0 0
2007A  0.01629 0.01629 0.0 15.17685 0.15115 0 0 0 0 0 0 0 0 0 0 0 0
2007aj  0.03184 0.03184 0.0 16.34225 0.12125 0 0 0 0 0 0 0 0 0 0 0 0
2007cb  0.037 0.037 0.0 16.74885 0.12725 0 0 0 0 0 0 0 0 0 0 0 0
2007cc  0.02932 0.02932 0.0 15.8648 0.1457 0 0 0 0 0 0 0 0 0 0 0 0
2007fb  0.0174 0.0174 0.0 15.26595 0.1485 0 0 0 0 0 0 0 0 0 0 0 0
2007hu  0.03578 0.03578 0.0 16.59205 0.1761 0 0 0 0 0 0 0 0 0 0 0 0
2007is  0.02845 0.02845 0.0 16.04785 0.1364 0 0 0 0 0 0 0 0 0 0 0 0
2007kh  0.05035 0.05035 0.0 17.2903 0.16335 0 0 0 0 0 0 0 0 0 0 0 0
2007kk  0.04269 0.04269 0.0 16.93325 0.117 0 0 0 0 0 0 0 0 0 0 0 0
2007ob  0.03212 0.03212 0.0 16.23615 0.1431 0 0 0 0 0 0 0 0 0 0 0 0
2007su  0.02752 0.02752 0.0 16.0669 0.14255 0 0 0 0 0 0 0 0 0 0 0 0
2007ux  0.03049 0.03049 0.0 16.28725 0.1419 0 0 0 0 0 0 0 0 0 0 0 0
2008C  0.01724 0.01724 0.0 14.9294 0.1556 0 0 0 0 0 0 0 0 0 0 0 0
2008Y  0.07063 0.07063 0.0 18.05925 0.1229 0 0 0 0 0 0 0 0 0 0 0 0
2008ac  0.05344 0.05344 0.0 17.62205 0.1398 0 0 0 0 0 0 0 0 0 0 0 0
2008ar  0.02878 0.02878 0.0 16.10835 0.12155 0 0 0 0 0 0 0 0 0 0 0 0
2008at  0.03518 0.03518 0.0 16.42245 0.15235 0 0 0 0 0 0 0 0 0 0 0 0
2008bw  0.03348 0.03348 0.0 16.4802 0.15235 0 0 0 0 0 0 0 0 0 0 0 0
2008by  0.04651 0.04651 0.0 17.18185 0.11625 0 0 0 0 0 0 0 0 0 0 0 0
2008bz  0.06119 0.06119 0.0 17.9246 0.11905 0 0 0 0 0 0 0 0 0 0 0 0
2008cf  0.04714 0.04714 0.0 17.16275 0.12315 0 0 0 0 0 0 0 0 0 0 0 0
2008ds  0.0212 0.0212 0.0 15.4466 0.1437 0 0 0 0 0 0 0 0 0 0 0 0
2008fr  0.04028 0.04028 0.0 16.8206 0.11335 0 0 0 0 0 0 0 0 0 0 0 0
2008gb  0.03863 0.03863 0.0 16.86145 0.1275 0 0 0 0 0 0 0 0 0 0 0 0
2008gl  0.03314 0.03314 0.0 16.39225 0.12215 0 0 0 0 0 0 0 0 0 0 0 0
2009D  0.02414 0.02414 0.0 15.68035 0.1291 0 0 0 0 0 0 0 0 0 0 0 0
2009ad  0.02837 0.02837 0.0 16.1044 0.12155 0 0 0 0 0 0 0 0 0 0 0 0
2009an  0.01043 0.01043 0.0 13.9248 0.20035 0 0 0 0 0 0 0 0 0 0 0 0
2009ds  0.02038 0.02038 0.0 15.42955 0.14185 0 0 0 0 0 0 0 0 0 0 0 0
2008050  0.0471 0.0471 0.0 16.9842 0.14465 0 0 0 0 0 0 0 0 0 0 0 0
2008051  0.03984 0.03984 0.0 16.7074 0.1146 0 0 0 0 0 0 0 0 0 0 0 0
2009kk  0.0122 0.0122 0.0 14.4566 0.1737 0 0 0 0 0 0 0 0 0 0 0 0
2009kq  0.01271 0.01271 0.0 14.2811 0.1749 0 0 0 0 0 0 0 0 0 0 0 0
2009le  0.01763 0.01763 0.0 14.9354 0.1562 0 0 0 0 0 0 0 0 0 0 0 0
2009na  0.02171 0.02171 0.0 15.502 0.13615 0 0 0 0 0 0 0 0 0 0 0 0
2009nq  0.01572 0.01572 0.0 14.86115 0.1939 0 0 0 0 0 0 0 0 0 0 0 0
2010A  0.01972 0.01972 0.0 15.27645 0.15785 0 0 0 0 0 0 0 0 0 0 0 0
2010H  0.01678 0.01678 0.0 14.92685 0.15925 0 0 0 0 0 0 0 0 0 0 0 0
2010Y  0.01226 0.01226 0.0 14.4674 0.17765 0 0 0 0 0 0 0 0 0 0 0 0
2010dt  0.05322 0.05322 0.0 17.57915 0.12805 0 0 0 0 0 0 0 0 0 0 0 0
PTF10bjs  0.03055 0.03055 0.0 15.88935 0.45085 0 0 0 0 0 0 0 0 0 0 0 0
2004ef  0.03001 0.03001 0.0 16.1733 0.12025 0 0 0 0 0 0 0 0 0 0 0 0
2004eo  0.01506 0.01506 0.0 14.6193 0.15445 0 0 0 0 0 0 0 0 0 0 0 0
2004ey  0.0153 0.0153 0.0 14.6705 0.1456 0 0 0 0 0 0 0 0 0 0 0 0
2004gu  0.04713 0.04713 0.0 17.1679 0.1151 0 0 0 0 0 0 0 0 0 0 0 0
2005be  0.03411 0.03411 0.0 16.515 0.1148 0 0 0 0 0 0 0 0 0 0 0 0
2005bo  0.0152 0.0152 0.0 14.53545 0.1635 0 0 0 0 0 0 0 0 0 0 0 0
2005el  0.01504 0.01504 0.0 14.69915 0.1491 0 0 0 0 0 0 0 0 0 0 0 0
2005eq  0.02763 0.02763 0.0 16.23455 0.1179 0 0 0 0 0 0 0 0 0 0 0 0
2005iq  0.03359 0.03359 0.0 16.59355 0.1061 0 0 0 0 0 0 0 0 0 0 0 0
2005kc  0.01447 0.01447 0.0 14.6408 0.16555 0 0 0 0 0 0 0 0 0 0 0 0
2005M  0.02547 0.02547 0.0 15.86575 0.1242 0 0 0 0 0 0 0 0 0 0 0 0
2006bh  0.01082 0.01082 0.0 14.0086 0.18445 0 0 0 0 0 0 0 0 0 0 0 0
2006ef  0.01741 0.01741 0.0 15.1 0.1498 0 0 0 0 0 0 0 0 0 0 0 0
2006ej  0.02031 0.02031 0.0 15.30565 0.1353 0 0 0 0 0 0 0 0 0 0 0 0
2006eq  0.04819 0.04819 0.0 17.4344 0.12175 0 0 0 0 0 0 0 0 0 0 0 0
2006et  0.02223 0.02223 0.0 15.3918 0.13205 0 0 0 0 0 0 0 0 0 0 0 0
2006ev  0.02811 0.02811 0.0 16.3465 0.12485 0 0 0 0 0 0 0 0 0 0 0 0
2006lu  0.05458 0.05458 0.0 17.4521 0.1018 0 0 0 0 0 0 0 0 0 0 0 0
2006py  0.05721 0.05721 0.0 17.60445 0.1094 0 0 0 0 0 0 0 0 0 0 0 0
2007bc  0.02091 0.02091 0.0 15.36595 0.1368 0 0 0 0 0 0 0 0 0 0 0 0
2007ca  0.01454 0.01454 0.0 14.99535 0.1656 0 0 0 0 0 0 0 0 0 0 0 0
2007nq  0.0431 0.0431 0.0 16.97675 0.10685 0 0 0 0 0 0 0 0 0 0 0 0
2008bq  0.03273 0.03273 0.0 16.3843 0.1205 0 0 0 0 0 0 0 0 0 0 0 0
2008gp  0.03399 0.03399 0.0 16.35135 0.11105 0 0 0 0 0 0 0 0 0 0 0 0
2008hv  0.01382 0.01382 0.0 14.47835 0.15385 0 0 0 0 0 0 0 0 0 0 0 0
1993ac  0.05092 0.05092 0.0 17.42035 0.1224 0 0 0 0 0 0 0 0 0 0 0 0
1993ae  0.01752 0.01752 0.0 15.0558 0.1465 0 0 0 0 0 0 0 0 0 0 0 0
1994M  0.02482 0.02482 0.0 15.64995 0.13485 0 0 0 0 0 0 0 0 0 0 0 0
1994Q  0.0288 0.0288 0.0 16.09165 0.13605 0 0 0 0 0 0 0 0 0 0 0 0
1994S  0.01568 0.01568 0.0 14.7589 0.1525 0 0 0 0 0 0 0 0 0 0 0 0
1995ak  0.02197 0.02197 0.0 15.36745 0.1436 0 0 0 0 0 0 0 0 0 0 0 0
1996bl  0.03426 0.03426 0.0 16.4701 0.12025 0 0 0 0 0 0 0 0 0 0 0 0
1996bv  0.01698 0.01698 0.0 14.6697 0.1558 0 0 0 0 0 0 0 0 0 0 0 0
1996C  0.02752 0.02752 0.0 16.23595 0.1341 0 0 0 0 0 0 0 0 0 0 0 0
1997dg  0.03438 0.03438 0.0 16.6071 0.12105 0 0 0 0 0 0 0 0 0 0 0 0
1997E  0.01318 0.01318 0.0 14.55605 0.17285 0 0 0 0 0 0 0 0 0 0 0 0
1997Y  0.01726 0.01726 0.0 14.9156 0.1511 0 0 0 0 0 0 0 0 0 0 0 0
1998dk  0.01209 0.01209 0.0 13.9791 0.1914 0 0 0 0 0 0 0 0 0 0 0 0
1998dx  0.05418 0.05418 0.0 17.3218 0.11385 0 0 0 0 0 0 0 0 0 0 0 0
1998ec  0.0197 0.0197 0.0 15.45455 0.1578 0 0 0 0 0 0 0 0 0 0 0 0
1998ef  0.01662 0.01662 0.0 14.6312 0.14705 0 0 0 0 0 0 0 0 0 0 0 0
1998eg  0.02398 0.02398 0.0 15.8239 0.13525 0 0 0 0 0 0 0 0 0 0 0 0
1999cc  0.03144 0.03144 0.0 16.31895 0.12075 0 0 0 0 0 0 0 0 0 0 0 0
1999dq  0.01291 0.01291 0.0 14.1903 0.1716 0 0 0 0 0 0 0 0 0 0 0 0
1999ef  0.03827 0.03827 0.0 16.99715 0.1201 0 0 0 0 0 0 0 0 0 0 0 0
1999ej  0.01532 0.01532 0.0 14.9486 0.16405 0 0 0 0 0 0 0 0 0 0 0 0
1999X  0.02643 0.02643 0.0 15.91835 0.1425 0 0 0 0 0 0 0 0 0 0 0 0
2000B  0.0202 0.0202 0.0 15.02285 0.15165 0 0 0 0 0 0 0 0 0 0 0 0
2000cf  0.0373 0.0373 0.0 16.8196 0.11505 0 0 0 0 0 0 0 0 0 0 0 0
2000cn  0.02348 0.02348 0.0 15.66265 0.13895 0 0 0 0 0 0 0 0 0 0 0 0
2000dk  0.01635 0.01635 0.0 14.8831 0.1518 0 0 0 0 0 0 0 0 0 0 0 0
2000fa  0.02275 0.02275 0.0 15.5348 0.13625 0 0 0 0 0 0 0 0 0 0 0 0
000006  0.23027 0.23027 0.0 21.0138 0.14645 0 0 0 0 0 0 0 0 0 0 0 0
000034  0.2534 0.2534 0.0 21.09145 0.11245 0 0 0 0 0 0 0 0 0 0 0 0
000091  0.15269 0.15269 0.0 19.93715 0.11585 0 0 0 0 0 0 0 0 0 0 0 0
000190  0.10242 0.10242 0.0 19.15365 0.1077 0 0 0 0 0 0 0 0 0 0 0 0
000236  0.19602 0.19602 0.0 20.50135 0.109 0 0 0 0 0 0 0 0 0 0 0 0
010026  0.0322 0.0322 0.0 16.472 0.1289 0 0 0 0 0 0 0 0 0 0 0 0
020027  0.10989 0.10989 0.0 19.29245 0.12085 0 0 0 0 0 0 0 0 0 0 0 0
020096  0.22562 0.22562 0.0 20.723 0.12425 0 0 0 0 0 0 0 0 0 0 0 0
020176  0.26051 0.26051 0.0 21.22765 0.12265 0 0 0 0 0 0 0 0 0 0 0 0
030066  0.22556 0.22556 0.0 20.8629 0.1228 0 0 0 0 0 0 0 0 0 0 0 0
091869  0.28845 0.28845 0.0 21.4826 0.1256 0 0 0 0 0 0 0 0 0 0 0 0
100090  0.17281 0.17281 0.0 20.49025 0.1308 0 0 0 0 0 0 0 0 0 0 0 0
100213  0.27509 0.27509 0.0 21.50715 0.1382 0 0 0 0 0 0 0 0 0 0 0 0
100405  0.10293 0.10293 0.0 18.90405 0.12325 0 0 0 0 0 0 0 0 0 0 0 0
110033  0.20584 0.20584 0.0 20.5539 0.15765 0 0 0 0 0 0 0 0 0 0 0 0
110478  0.2646 0.2646 0.0 21.2449 0.1389 0 0 0 0 0 0 0 0 0 0 0 0
110536  0.23466 0.23466 0.0 20.8644 0.19515 0 0 0 0 0 0 0 0 0 0 0 0
110567  0.21434 0.21434 0.0 20.73405 0.17345 0 0 0 0 0 0 0 0 0 0 0 0
120336  0.16139 0.16139 0.0 20.07365 0.12015 0 0 0 0 0 0 0 0 0 0 0 0
120585  0.249 0.249 0.0 21.02715 0.11585 0 0 0 0 0 0 0 0 0 0 0 0
130308  0.08223 0.08223 0.0 18.52945 0.1223 0 0 0 0 0 0 0 0 0 0 0 0
130514  0.10588 0.10588 0.0 19.1167 0.10015 0 0 0 0 0 0 0 0 0 0 0 0
140181  0.10227 0.10227 0.0 19.0531 0.1106 0 0 0 0 0 0 0 0 0 0 0 0
150509  0.29282 0.29282 0.0 21.4896 0.1351 0 0 0 0 0 0 0 0 0 0 0 0
151034  0.13269 0.13269 0.0 19.53775 0.0994 0 0 0 0 0 0 0 0 0 0 0 0
160039  0.27088 0.27088 0.0 21.22425 0.12 0 0 0 0 0 0 0 0 0 0 0 0
160099  0.10044 0.10044 0.0 19.0807 0.10935 0 0 0 0 0 0 0 0 0 0 0 0
180166  0.14761 0.14761 0.0 19.88745 0.11365 0 0 0 0 0 0 0 0 0 0 0 0
180561  0.22853 0.22853 0.0 20.96525 0.12895 0 0 0 0 0 0 0 0 0 0 0 0
190230  0.1388 0.1388 0.0 19.82205 0.1072 0 0 0 0 0 0 0 0 0 0 0 0
190260  0.14343 0.14343 0.0 19.88005 0.10815 0 0 0 0 0 0 0 0 0 0 0 0
300105  0.09201 0.09201 0.0 18.9547 0.1139 0 0 0 0 0 0 0 0 0 0 0 0
310025  0.1568 0.1568 0.0 20.1239 0.12545 0 0 0 0 0 0 0 0 0 0 0 0
310042  0.23851 0.23851 0.0 21.19555 0.2471 0 0 0 0 0 0 0 0 0 0 0 0
310073  0.14949 0.14949 0.0 20.15155 0.16675 0 0 0 0 0 0 0 0 0 0 0 0
310161  0.25249 0.25249 0.0 21.20755 0.11325 0 0 0 0 0 0 0 0 0 0 0 0
310238  0.28397 0.28397 0.0 21.3163 0.1146 0 0 0 0 0 0 0 0 0 0 0 0
310574  0.2368 0.2368 0.0 21.0224 0.1241 0 0 0 0 0 0 0 0 0 0 0 0
330022  0.26388 0.26388 0.0 21.064 0.1418 0 0 0 0 0 0 0 0 0 0 0 0
330146  0.13523 0.13523 0.0 19.80745 0.1216 0 0 0 0 0 0 0 0 0 0 0 0
350047  0.23362 0.23362 0.0 21.21045 0.1599 0 0 0 0 0 0 0 0 0 0 0 0
350233  0.1694 0.1694 0.0 20.2554 0.1144 0 0 0 0 0 0 0 0 0 0 0 0
350316  0.07976 0.07976 0.0 18.337 0.10315 0 0 0 0 0 0 0 0 0 0 0 0
350548  0.1806 0.1806 0.0 20.3864 0.1142 0 0 0 0 0 0 0 0 0 0 0 0
360112  0.18071 0.18071 0.0 20.34675 0.16425 0 0 0 0 0 0 0 0 0 0 0 0
360140  0.23086 0.23086 0.0 21.03315 0.15375 0 0 0 0 0 0 0 0 0 0 0 0
360156  0.04582 0.04582 0.0 17.29255 0.1243 0 0 0 0 0 0 0 0 0 0 0 0
370098  0.22146 0.22146 0.0 20.7853 0.1197 0 0 0 0 0 0 0 0 0 0 0 0
370308  0.20073 0.20073 0.0 20.5274 0.21145 0 0 0 0 0 0 0 0 0 0 0 0
370333  0.0755 0.0755 0.0 18.378 0.11965 0 0 0 0 0 0 0 0 0 0 0 0
370356  0.02627 0.02627 0.0 15.98385 0.1362 0 0 0 0 0 0 0 0 0 0 0 0
370369  0.19141 0.19141 0.0 20.055 0.15515 0 0 0 0 0 0 0 0 0 0 0 0
370428  0.1777 0.1777 0.0 20.3552 0.11035 0 0 0 0 0 0 0 0 0 0 0 0
370563  0.18542 0.18542 0.0 20.5371 0.1169 0 0 0 0 0 0 0 0 0 0 0 0
380378  0.27131 0.27131 0.0 21.30945 0.10785 0 0 0 0 0 0 0 0 0 0 0 0
390264  0.29212 0.29212 0.0 21.17535 0.1226 0 0 0 0 0 0 0 0 0 0 0 0
420100  0.09641 0.09641 0.0 18.8215 0.14795 0 0 0 0 0 0 0 0 0 0 0 0
420159  0.18058 0.18058 0.0 20.2752 0.1117 0 0 0 0 0 0 0 0 0 0 0 0
420258  0.27446 0.27446 0.0 21.3734 0.1525 0 0 0 0 0 0 0 0 0 0 0 0
420407  0.2451 0.2451 0.0 21.2589 0.1441 0 0 0 0 0 0 0 0 0 0 0 0
430004  0.23152 0.23152 0.0 20.92185 0.1499 0 0 0 0 0 0 0 0 0 0 0 0
440008  0.14648 0.14648 0.0 19.91105 0.11095 0 0 0 0 0 0 0 0 0 0 0 0
440042  0.15948 0.15948 0.0 20.18505 0.1775 0 0 0 0 0 0 0 0 0 0 0 0
460003  0.15069 0.15069 0.0 19.9375 0.11 0 0 0 0 0 0 0 0 0 0 0 0
460105  0.21073 0.21073 0.0 20.73865 0.1623 0 0 0 0 0 0 0 0 0 0 0 0
470008  0.23943 0.23943 0.0 20.71895 0.1478 0 0 0 0 0 0 0 0 0 0 0 0
470232  0.20072 0.20072 0.0 20.72485 0.1607 0 0 0 0 0 0 0 0 0 0 0 0
480064  0.24275 0.24275 0.0 21.3408 0.1213 0 0 0 0 0 0 0 0 0 0 0 0
480464  0.22146 0.22146 0.0 20.82175 0.14915 0 0 0 0 0 0 0 0 0 0 0 0
490008  0.12068 0.12068 0.0 19.3688 0.1916 0 0 0 0 0 0 0 0 0 0 0 0
500004  0.25051 0.25051 0.0 21.0268 0.13165 0 0 0 0 0 0 0 0 0 0 0 0
500504  0.1994 0.1994 0.0 20.3968 0.14145 0 0 0 0 0 0 0 0 0 0 0 0
510251  0.24001 0.24001 0.0 21.0934 0.1643 0 0 0 0 0 0 0 0 0 0 0 0
510638  0.27001 0.27001 0.0 21.36745 0.13725 0 0 0 0 0 0 0 0 0 0 0 0
520019  0.26312 0.26312 0.0 21.391 0.1313 0 0 0 0 0 0 0 0 0 0 0 0
520023  0.26801 0.26801 0.0 21.22475 0.16715 0 0 0 0 0 0 0 0 0 0 0 0
520077  0.25001 0.25001 0.0 21.3768 0.1625 0 0 0 0 0 0 0 0 0 0 0 0
520188  0.28051 0.28051 0.0 21.3787 0.11055 0 0 0 0 0 0 0 0 0 0 0 0
550041  0.25848 0.25848 0.0 21.13905 0.14085 0 0 0 0 0 0 0 0 0 0 0 0
550096  0.22448 0.22448 0.0 20.6681 0.15385 0 0 0 0 0 0 0 0 0 0 0 0
550154  0.21079 0.21079 0.0 20.9208 0.1231 0 0 0 0 0 0 0 0 0 0 0 0
560152  0.2488 0.2488 0.0 21.1327 0.1596 0 0 0 0 0 0 0 0 0 0 0 0
570025  0.2988 0.2988 0.0 21.39335 0.16425 0 0 0 0 0 0 0 0 0 0 0 0
570062  0.12365 0.12365 0.0 19.5741 0.1083 0 0 0 0 0 0 0 0 0 0 0 0
580300  0.24074 0.24074 0.0 21.13115 0.11795 0 0 0 0 0 0 0 0 0 0 0 0
590005  0.17144 0.17144 0.0 20.2873 0.17315 0 0 0 0 0 0 0 0 0 0 0 0
200132  0.2088 0.2088 0.0 20.859 0.16115 0 0 0 0 0 0 0 0 0 0 0 0
350180  0.2896 0.2896 0.0 21.715 0.1649 0 0 0 0 0 0 0 0 0 0 0 0
000010  0.24599 0.24599 0.0 21.1466 0.1219 0 0 0 0 0 0 0 0 0 0 0 0
000014  0.13659 0.13659 0.0 19.76145 0.12305 0 0 0 0 0 0 0 0 0 0 0 0
000038  0.15062 0.15062 0.0 19.8557 0.11605 0 0 0 0 0 0 0 0 0 0 0 0
000137  0.1187 0.1187 0.0 19.26765 0.1244 0 0 0 0 0 0 0 0 0 0 0 0
000174  0.24494 0.24494 0.0 21.05305 0.1237 0 0 0 0 0 0 0 0 0 0 0 0
000220  0.21986 0.21986 0.0 20.83145 0.10825 0 0 0 0 0 0 0 0 0 0 0 0
010010  0.09929 0.09929 0.0 19.1829 0.10965 0 0 0 0 0 0 0 0 0 0 0 0
040201  0.27989 0.27989 0.0 21.2969 0.11365 0 0 0 0 0 0 0 0 0 0 0 0
040780  0.23071 0.23071 0.0 20.74845 0.15255 0 0 0 0 0 0 0 0 0 0 0 0
070242  0.06441 0.06441 0.0 18.09975 0.1085 0 0 0 0 0 0 0 0 0 0 0 0
080064  0.06559 0.06559 0.0 17.91255 0.12675 0 0 0 0 0 0 0 0 0 0 0 0
090037  0.14539 0.14539 0.0 20.2551 0.1724 0 0 0 0 0 0 0 0 0 0 0 0
090275  0.13947 0.13947 0.0 19.7799 0.1129 0 0 0 0 0 0 0 0 0 0 0 0
100206  0.21641 0.21641 0.0 20.59575 0.11555 0 0 0 0 0 0 0 0 0 0 0 0
110460  0.19958 0.19958 0.0 20.61175 0.15295 0 0 0 0 0 0 0 0 0 0 0 0
120143  0.17359 0.17359 0.0 20.08825 0.1083 0 0 0 0 0 0 0 0 0 0 0 0
120444  0.29948 0.29948 0.0 21.70345 0.1614 0 0 0 0 0 0 0 0 0 0 0 0
120586  0.22943 0.22943 0.0 20.95825 0.1411 0 0 0 0 0 0 0 0 0 0 0 0
130755  0.29291 0.29291 0.0 21.54425 0.1708 0 0 0 0 0 0 0 0 0 0 0 0
140152  0.20861 0.20861 0.0 20.59295 0.11275 0 0 0 0 0 0 0 0 0 0 0 0
150254  0.27509 0.27509 0.0 21.2869 0.11615 0 0 0 0 0 0 0 0 0 0 0 0
190340  0.13823 0.13823 0.0 19.7944 0.1038 0 0 0 0 0 0 0 0 0 0 0 0
300179  0.1792 0.1792 0.0 20.54675 0.14915 0 0 0 0 0 0 0 0 0 0 0 0
310039  0.17157 0.17157 0.0 20.22 0.11585 0 0 0 0 0 0 0 0 0 0 0 0
310051  0.27047 0.27047 0.0 21.2356 0.1242 0 0 0 0 0 0 0 0 0 0 0 0
330023  0.18152 0.18152 0.0 20.474 0.12575 0 0 0 0 0 0 0 0 0 0 0 0
330083  0.22374 0.22374 0.0 20.75105 0.12225 0 0 0 0 0 0 0 0 0 0 0 0
340229  0.14135 0.14135 0.0 19.8422 0.13225 0 0 0 0 0 0 0 0 0 0 0 0
350080  0.28578 0.28578 0.0 21.43725 0.1358 0 0 0 0 0 0 0 0 0 0 0 0
350235  0.26388 0.26388 0.0 21.2319 0.12955 0 0 0 0 0 0 0 0 0 0 0 0
360145  0.1986 0.1986 0.0 20.6442 0.1223 0 0 0 0 0 0 0 0 0 0 0 0
370066  0.09121 0.09121 0.0 18.75805 0.1103 0 0 0 0 0 0 0 0 0 0 0 0
370498  0.26088 0.26088 0.0 21.3572 0.14225 0 0 0 0 0 0 0 0 0 0 0 0
370566  0.07141 0.07141 0.0 18.15745 0.1192 0 0 0 0 0 0 0 0 0 0 0 0
370595  0.18141 0.18141 0.0 20.426 0.1593 0 0 0 0 0 0 0 0 0 0 0 0
390259  0.12211 0.12211 0.0 19.37365 0.11495 0 0 0 0 0 0 0 0 0 0 0 0
390449  0.25012 0.25012 0.0 21.1135 0.14315 0 0 0 0 0 0 0 0 0 0 0 0
390627  0.16046 0.16046 0.0 20.16235 0.167 0 0 0 0 0 0 0 0 0 0 0 0
420196  0.29843 0.29843 0.0 21.99485 0.16045 0 0 0 0 0 0 0 0 0 0 0 0
420414  0.29245 0.29245 0.0 21.4687 0.1649 0 0 0 0 0 0 0 0 0 0 0 0
440050  0.28546 0.28546 0.0 21.46645 0.1395 0 0 0 0 0 0 0 0 0 0 0 0
440285  0.17967 0.17967 0.0 20.481 0.1699 0 0 0 0 0 0 0 0 0 0 0 0
440643  0.18959 0.18959 0.0 20.50025 0.1605 0 0 0 0 0 0 0 0 0 0 0 0
450082  0.24849 0.24849 0.0 21.19025 0.14705 0 0 0 0 0 0 0 0 0 0 0 0
460064  0.24146 0.24146 0.0 20.85675 0.13015 0 0 0 0 0 0 0 0 0 0 0 0
470043  0.0706 0.0706 0.0 18.48435 0.29975 0 0 0 0 0 0 0 0 0 0 0 0
490007  0.05495 0.05495 0.0 17.60185 0.1165 0 0 0 0 0 0 0 0 0 0 0 0
500038  0.1072 0.1072 0.0 19.19495 0.1111 0 0 0 0 0 0 0 0 0 0 0 0
500065  0.2854 0.2854 0.0 21.2265 0.12315 0 0 0 0 0 0 0 0 0 0 0 0
510113  0.2909 0.2909 0.0 21.30595 0.15955 0 0 0 0 0 0 0 0 0 0 0 0
510550  0.24111 0.24111 0.0 21.09055 0.1118 0 0 0 0 0 0 0 0 0 0 0 0
520022  0.11944 0.11944 0.0 19.33475 0.1245 0 0 0 0 0 0 0 0 0 0 0 0
530037  0.26848 0.26848 0.0 21.34225 0.14435 0 0 0 0 0 0 0 0 0 0 0 0
530086  0.04976 0.04976 0.0 17.35275 0.13525 0 0 0 0 0 0 0 0 0 0 0 0
550005  0.07369 0.07369 0.0 18.2355 0.1566 0 0 0 0 0 0 0 0 0 0 0 0
560150  0.1998 0.1998 0.0 20.66375 0.13595 0 0 0 0 0 0 0 0 0 0 0 0
570056  0.2902 0.2902 0.0 21.4412 0.13835 0 0 0 0 0 0 0 0 0 0 0 0
580270  0.2956 0.2956 0.0 21.7291 0.123 0 0 0 0 0 0 0 0 0 0 0 0
590194  0.0896 0.0896 0.0 18.72405 0.11685 0 0 0 0 0 0 0 0 0 0 0 0
