0.005  22.36130654982478  22.36697584623877  
0.015  66.922961252806  66.973330103999  
0.025  111.26906333221912  111.4071748400726  
0.035  155.3985420327707  155.66574230339228  
0.045  199.3103936472236  199.74636515814876  
0.055  243.0036810813405  243.6464764759652  
0.065  286.4775333504779  287.36360960574734  
0.075  329.7311450108473  330.895397924193  
0.085  372.7637755285325  374.2395744702618  
0.095  415.5747485893906  417.3939714671903  
0.105  458.1634513529813  460.3565197358709  
0.115  500.52933365368335  503.1252480036483  
0.125  542.6719071521964  545.6982821127833  
0.135  584.5907444405663  588.0738441329743  
0.145  626.285478103898  630.250251382502  
0.155  667.7557997418903  672.2259153626493  
0.165  709.0014589532692  713.9993406101197  
0.175  750.02226228617  755.5691234723051  
0.185  790.818072157487  796.9339508102036  
0.195  831.388805744098  838.0925986338689  
0.205  871.7344338488862  879.0439306752642  
0.215  911.8549797443212  919.7868969033268  
0.225  951.7505179963837  960.3205319860488  
0.235  991.4211732714261  1000.6439537043229  
0.245  1030.8671191286176  1040.7563613221978  
0.255  1070.0885768003936  1080.6570339181142  
0.265  1109.085813963346  1120.3453286816184  
0.275  1147.8591435018172  1159.8206791798575  
0.285  1186.4089222664843  1199.082593598196  
0.295  1224.73554982995  1238.1306529589262  
0.305  1262.8394672414386  1276.9645093221784  
0.315  1300.7211557824849  1315.5838839727217  
0.325  1338.3811357254406  1353.9885655964497  
0.335  1375.819965096554  1392.1784084499736  
0.345  1413.0382384452034  1430.1533305267305  
0.355  1450.036585620913  1467.9133117227816  
0.365  1486.8156705594715  1505.4583920053735  
0.375  1523.3761900796546  1542.7886695870673  
0.385  1559.7188726916522  1579.9042991082258  
0.395  1595.8444774185455  1616.8054898303383  
0.405  1631.753792631723  1653.492503842645  
0.415  1667.4476349014737  1689.965654284188  
0.425  1702.9268478634458  1726.2253035834872  
0.435  1738.1923011019614  1762.2718617176797  
0.445  1773.2448890508879  1798.105784492914  
0.455  1808.0855299128148  1833.72757184765  
0.465  1842.7151645970569  1869.1377661803353  
0.475  1877.134755677118  1904.3369507028349  
0.485  1911.3452863680568  1939.3257478207863  
0.495  1945.3477595242161  1974.1048175420267  
0.505  1979.143196657616  2008.674855914071  
0.515  2012.7326369773473  2043.0365934913996  
0.525  2046.1171364502266  2077.1907938334743  
0.535  2079.297766882904  2111.138252033924  
0.545  2112.27561502552  2144.879793281612  
0.555  2145.051781697117  2178.416271453901  
0.565  2177.627380932752  2211.748567742562  
0.575  2210.003539152385  2244.877589312487  
0.585  2242.181394351563  2277.804267993543  
0.595  2274.162095313753  2310.5295590054952  
0.605  2305.9468008442577  2343.0544397161925  
0.615  2337.536679025672  2375.3799084329085  
0.625  2368.932906494655  2407.5069832267695  
0.635  2400.136667739794  2439.4367007901224  
0.645  2431.1491544205333  2471.1701153266263  
0.655  2461.9715647067096  2502.7082974739  
0.665  2492.605102638692  2534.052333258283  
0.675  2523.0509775076644  2565.2033230815446  
0.685  2553.310403255851  2596.1623807390533  
0.695  2583.3845978964537  2626.9306324690424  
0.705  2613.2747829528807  2657.509216032549  
0.715  2642.9821829169814  2687.899279823558  
0.725  2672.508024726009  2718.101982008807  
0.735  2701.8535372578885  2748.1184896968825  
0.745  2731.019950844505  2777.949978135901  
0.755  2760.0084968026413  2807.597629939407  
0.765  2788.8204069821386  2837.0626343397407  
0.775  2817.4569133310324  2866.34618646856  
0.785  2845.9192474772335  2895.4494866636273  
0.795  2874.2086403262842  2924.3737398015646  
0.805  2902.3263216749997  2953.120154655772  
0.815  2930.2735198405508  2981.6899432790583  
0.825  2958.0514613044506  3010.08432041027  
0.835  2985.6613703714083  3038.3045029044165  
0.845  3013.104468842278  3066.3517091856206  
0.855  3040.381975701087  3094.227158722301  
0.865  3067.495106815523  3121.9320715240756  
0.875  3094.445074650654  3149.467667659639  
0.885  3121.233087995475  3176.8351667951897  
0.895  3147.860351701849  3204.0357877527026  
0.905  3174.3280664356776  3231.070748087522  
0.915  3200.6374284397007  3257.941263684713  
0.925  3226.7896293078093  3284.648548373581  
0.935  3252.7858557703435  3311.1938135598452  
0.945  3278.627289490217  3337.5782678748114  
0.955  3304.3151068693364  3363.8031168412444  
0.965  3329.8504788652026  3389.869562555073  
0.975  3355.2345708171915  3415.7788033827474  
0.985  3380.4685422823586  3441.532033673496  
0.995  3405.5535468802655  3467.1304434861454  
1.005  3430.4907321468345  3492.5752183299082  
1.015  3455.281239396535  3517.86753891867  
1.025  3479.9262035929682  3543.0085809385146  
1.035  3504.4267532274384  3567.999514827591  
1.045  3528.7840102051314  3592.841505568432  
1.055  3552.9990897388006  3617.535712491802  
1.065  3577.073100249584  3642.0832890919937  
1.075  3601.0071432748177  3666.4853828529676  
1.085  3624.8023133823926  3690.743135085021  
1.095  3648.459698091664  3714.8576807715604  
1.105  3671.980377800459  3738.8301484256476  
1.115  3695.3654257181242  3762.661659955888  
1.125  3718.615907804206  3786.3533305413216  
1.135  3741.7328827127712  3809.9062685150493  
1.145  3764.717401741962  3833.3215752561014  
1.155  3787.5705087886367  3856.600345089374  
1.165  3810.293240307982  3879.7436651932194  
1.175  3832.8866252777734  3902.7526155144815  
1.185  3855.3516851671893  3925.628268690484  
1.195  3877.689433909967  3948.3716899779556  
1.205  3899.9008778816824  3970.9839371883836  
1.215  3921.9870158810686  3993.4660606296575  
1.225  3943.94883911511  4015.8191030536314  
1.235  3965.787331187837  4038.04409960951  
1.245  3987.503468092616  4060.1420778026627  
1.255  4009.09821820779  4082.1140574586557  
1.265  4030.5725422955265  4103.961050692405  
1.275  4051.9273935037177  4125.684061882052  
1.285  4073.163717370869  4147.284087647427  
1.295  4094.282451833721  4168.762116832937  
1.305  4115.284527237563  4190.119130494626  
1.315  4136.170866349132  4211.35610189118  
1.325  4156.9423843718505  4232.473996478838  
1.335  4177.599988963501  4253.473771909804  
1.345  4198.144580255944  4274.356378034252  
1.355  4218.577050877123  4295.122756905524  
1.365  4238.898285974837  4315.773842788477  
1.375  4259.109163242622  4336.310562170908  
1.385  4279.210552947259  4356.73383377764  
1.395  4299.203317958058  4377.044568587437  
1.405  4319.0883137777355  4397.243669852448  
1.415  4338.866388574842  4417.332033120015  
1.425  4358.538383217564  4437.3105462568365  
1.435  4378.105131308976  4457.180089475262  
1.445  4397.567459223497  4476.941535361685  
1.455  4416.9261861445575  4496.595748906855  
1.465  4436.182124103532  4516.143587538013  
1.475  4455.336078019507  4535.585901152757  
1.485  4474.388845740282  4554.9235321546175  
1.495  4493.341218084155  4574.157315490031  
1.505  4512.193978882684  4593.2880786868855  
1.515  4530.947905024207  4612.316641894354  
1.525  4549.6037664980695  4631.243817923999  
1.535  4568.162326439746  4650.070412292122  
1.545  4586.6243411764135  4668.797223263128  
1.555  4604.990560273236  4687.425041894059  
1.565  4623.261726580204  4705.954652079918  
1.575  4641.438576279457  4724.3868306001095  
1.585  4659.521838933033  4742.722347165495  
1.595  4677.51223753117  4760.961964466359  
1.605  4695.410488540893  4779.106438221057  
1.615  4713.217301954894  4797.156517225242  
1.625  4730.93338134089  4815.112943401815  
1.635  4748.55942389107  4832.976451851264  
1.645  4766.096120471966  4850.747770902605  
1.655  4783.544155674274  4868.427622164796  
1.665  4800.904207863159  4886.016720578429  
1.675  4818.176949228451  4903.515774467844  
1.685  4835.363045835104  4920.9254855935815  
1.695  4852.463157673634  4938.246549205002  
1.705  4869.477938710735  4955.479654093355  
1.715  4886.408036939838  4972.625482644756  
1.725  4903.254094431778  4989.6847108935735  
1.735  4920.016747385307  5006.658008575779  
1.745  4936.696626177713  5023.546039182521  
1.755  4953.294355415371  5040.349460013703  
1.765  4969.810553984144  5057.068922231519  
1.775  4986.245835099763  5073.705070914259  
1.785  5002.600806358108  5090.258545109725  
1.795  5018.876069785257  5106.729977889024  
1.805  5035.072221887579  5123.119996399927  
1.815  5051.189853701569  5139.429221920412  
1.825  5067.229550843407  5155.6582699119535  
1.835  5083.191893558574  5171.807750072719  
1.845  5099.077456771095  5187.878266390698  
1.855  5114.8868101326  5203.870417196558  
1.865  5130.620518071278  5219.784795216394  
1.875  5146.279139840405  5235.621987624246  
1.885  5161.863229566828  5251.382576094465  
1.895  5177.373336299107  5267.067136853794  
1.905  5192.810004055387  5282.676240733218  
1.915  5208.173771871027  5298.210453219624  
1.925  5223.465173845977  5313.670334507122  
1.935  5238.6847391918345  5329.056439548146  
1.945  5253.832992278624  5344.369318104308  
1.955  5268.910452681306  5359.60951479679  
1.965  5283.917635225921  5374.777569156717  
1.975  5298.855050035553  5389.874015674895  
1.985  5313.723202575785  5404.899383851525  
1.995  5328.522593700034  5419.8541982454  
