name zcmb zhel dz mb dmb x1 dx1 color dcolor 3rdvar d3rdvar cov_m_s cov_m_c cov_s_c set ra dec
03D1au 0.50309 0.50309 0.0 42.27485581717774 0.12605 0 0 0 0 0 0 0 0 0 0 0 0
03D1ax 0.4948 0.4948 0.0 42.15254133557204 0.11765 0 0 0 0 0 0 0 0 0 0 0 0
03D1co 0.67767 0.67767 0.0 43.137526051716186 0.2056 0 0 0 0 0 0 0 0 0 0 0 0
03D1ew 0.8665 0.8665 0.0 43.94165719911425 0.17385 0 0 0 0 0 0 0 0 0 0 0 0
03D1fq 0.79857 0.79857 0.0 43.41084301528362 0.17435 0 0 0 0 0 0 0 0 0 0 0 0
03D3ay 0.37144 0.37144 0.0 41.40197663491529 0.1245 0 0 0 0 0 0 0 0 0 0 0 0
03D3bl 0.35582 0.35582 0.0 41.52219026694644 0.12645 0 0 0 0 0 0 0 0 0 0 0 0
03D4ag 0.2836 0.2836 0.0 40.835393169854036 0.1028 0 0 0 0 0 0 0 0 0 0 0 0
03D4au 0.4664 0.4664 0.0 41.94040298858604 0.1587 0 0 0 0 0 0 0 0 0 0 0 0
03D4cx 0.94688 0.94688 0.0 44.0126682643138 0.1642 0 0 0 0 0 0 0 0 0 0 0 0
03D4cz 0.69315 0.69315 0.0 42.95217129624824 0.24445 0 0 0 0 0 0 0 0 0 0 0 0
03D4di 0.89693 0.89693 0.0 43.69510462062087 0.16645 0 0 0 0 0 0 0 0 0 0 0 0
03D4fd 0.78904 0.78904 0.0 43.44673232648799 0.11585 0 0 0 0 0 0 0 0 0 0 0 0
03D4gg 0.59027 0.59027 0.0 42.315284796488235 0.1666 0 0 0 0 0 0 0 0 0 0 0 0
04D1dc 0.21075 0.21075 0.0 39.85184738999134 0.10525 0 0 0 0 0 0 0 0 0 0 0 0
04D1ff 0.85852 0.85852 0.0 43.56815994205704 0.1478 0 0 0 0 0 0 0 0 0 0 0 0
04D1hx 0.55875 0.55875 0.0 42.35316189211144 0.1335 0 0 0 0 0 0 0 0 0 0 0 0
04D1iv 0.9964 0.9964 0.0 44.11048562420112 0.1408 0 0 0 0 0 0 0 0 0 0 0 0
04D1jg 0.58294 0.58294 0.0 42.48656439260421 0.1258 0 0 0 0 0 0 0 0 0 0 0 0
04D1ks 0.79656 0.79656 0.0 43.2204703240132 0.1588 0 0 0 0 0 0 0 0 0 0 0 0
04D1ow 0.91348 0.91348 0.0 44.02477630752443 0.13735 0 0 0 0 0 0 0 0 0 0 0 0
04D1pd 0.94846 0.94846 0.0 43.89413213496315 0.15105 0 0 0 0 0 0 0 0 0 0 0 0
04D1pp 0.73362 0.73362 0.0 43.23009603081988 0.15575 0 0 0 0 0 0 0 0 0 0 0 0
04D1qd 0.7656 0.7656 0.0 43.115372485545045 0.1549 0 0 0 0 0 0 0 0 0 0 0 0
04D1rx 0.98341 0.98341 0.0 43.94616409970278 0.153 0 0 0 0 0 0 0 0 0 0 0 0
04D1si 0.70064 0.70064 0.0 43.11385440742046 0.1738 0 0 0 0 0 0 0 0 0 0 0 0
04D2al 0.83814 0.83814 0.0 43.376880257589534 0.1807 0 0 0 0 0 0 0 0 0 0 0 0
04D2cf 0.3706 0.3706 0.0 41.47088735943106 0.1211 0 0 0 0 0 0 0 0 0 0 0 0
04D2fs 0.35858 0.35858 0.0 41.27076486838788 0.1186 0 0 0 0 0 0 0 0 0 0 0 0
04D2gc 0.52278 0.52278 0.0 42.27159040893223 0.14165 0 0 0 0 0 0 0 0 0 0 0 0
04D2iu 0.70198 0.70198 0.0 42.941778699385495 0.26255 0 0 0 0 0 0 0 0 0 0 0 0
04D2kr 0.74613 0.74613 0.0 43.570656858173166 0.16465 0 0 0 0 0 0 0 0 0 0 0 0
04D2mh 0.59185 0.59185 0.0 42.639450688300784 0.12625 0 0 0 0 0 0 0 0 0 0 0 0
04D3co 0.62063 0.62063 0.0 42.64829179792742 0.1131 0 0 0 0 0 0 0 0 0 0 0 0
04D3dd 1.00279 1.00279 0.0 44.24156808664341 0.19135 0 0 0 0 0 0 0 0 0 0 0 0
04D3do 0.61064 0.61064 0.0 42.5622728602527 0.1329 0 0 0 0 0 0 0 0 0 0 0 0
04D3fk 0.35833 0.35833 0.0 41.36410238103071 0.11425 0 0 0 0 0 0 0 0 0 0 0 0
04D3gt 0.45155 0.45155 0.0 41.685821953300646 0.12515 0 0 0 0 0 0 0 0 0 0 0 0
04D3hn 0.5526 0.5526 0.0 42.28079326298733 0.13425 0 0 0 0 0 0 0 0 0 0 0 0
04D3ks 0.75068 0.75068 0.0 43.31998334861878 0.19155 0 0 0 0 0 0 0 0 0 0 0 0
04D3lu 0.82269 0.82269 0.0 43.641548056733804 0.14625 0 0 0 0 0 0 0 0 0 0 0 0
04D3ml 0.95076 0.95076 0.0 43.95982307351829 0.14485 0 0 0 0 0 0 0 0 0 0 0 0
04D3nh 0.34052 0.34052 0.0 41.19965145400395 0.10555 0 0 0 0 0 0 0 0 0 0 0 0
04D3ny 0.81072 0.81072 0.0 43.441834243259805 0.17055 0 0 0 0 0 0 0 0 0 0 0 0
04D4an 0.61124 0.61124 0.0 42.49161861559826 0.1593 0 0 0 0 0 0 0 0 0 0 0 0
04D4bq 0.54831 0.54831 0.0 42.33499668972623 0.1438 0 0 0 0 0 0 0 0 0 0 0 0
04D4dw 1.02879 1.02879 0.0 44.0823132356046 0.16015 0 0 0 0 0 0 0 0 0 0 0 0
04D4gg 0.42244 0.42244 0.0 41.88533998600885 0.1192 0 0 0 0 0 0 0 0 0 0 0 0
04D4hu 0.70115 0.70115 0.0 43.15857197019353 0.1805 0 0 0 0 0 0 0 0 0 0 0 0
04D4ic 0.68517 0.68517 0.0 42.62403145952134 0.2326 0 0 0 0 0 0 0 0 0 0 0 0
04D4ih 0.93189 0.93189 0.0 43.928428198510375 0.15235 0 0 0 0 0 0 0 0 0 0 0 0
04D4im 0.74909 0.74909 0.0 43.20611183819606 0.18275 0 0 0 0 0 0 0 0 0 0 0 0
04D4jr 0.4684 0.4684 0.0 41.9462413726811 0.11785 0 0 0 0 0 0 0 0 0 0 0 0
04D4jw 0.95886 0.95886 0.0 44.064189452937136 0.17245 0 0 0 0 0 0 0 0 0 0 0 0
05D1az 0.84053 0.84053 0.0 43.74284036617315 0.1456 0 0 0 0 0 0 0 0 0 0 0 0
05D1cc 0.56276 0.56276 0.0 42.61677912495431 0.11755 0 0 0 0 0 0 0 0 0 0 0 0
05D1cl 0.82854 0.82854 0.0 43.4250151295288 0.1526 0 0 0 0 0 0 0 0 0 0 0 0
05D1dx 0.57875 0.57875 0.0 42.54431670847884 0.12065 0 0 0 0 0 0 0 0 0 0 0 0
05D1em 0.8645 0.8645 0.0 43.718926685319246 0.14625 0 0 0 0 0 0 0 0 0 0 0 0
05D1er 0.85851 0.85851 0.0 43.81254019501222 0.16535 0 0 0 0 0 0 0 0 0 0 0 0
05D1hm 0.58575 0.58575 0.0 42.545682763105134 0.1417 0 0 0 0 0 0 0 0 0 0 0 0
05D1ix 0.48881 0.48881 0.0 42.11592572993588 0.1136 0 0 0 0 0 0 0 0 0 0 0 0
05D1ke 0.68866 0.68866 0.0 42.879918905407195 0.1518 0 0 0 0 0 0 0 0 0 0 0 0
05D2ab 0.32454 0.32454 0.0 40.96910268090734 0.10225 0 0 0 0 0 0 0 0 0 0 0 0
05D2ah 0.18538 0.18538 0.0 39.810994238005584 0.10405 0 0 0 0 0 0 0 0 0 0 0 0
05D2bt 0.68196 0.68196 0.0 43.222682055535344 0.1484 0 0 0 0 0 0 0 0 0 0 0 0
05D2bw 0.92223 0.92223 0.0 43.83771436606548 0.1708 0 0 0 0 0 0 0 0 0 0 0 0
05D2cb 0.42866 0.42866 0.0 41.926754831740794 0.1294 0 0 0 0 0 0 0 0 0 0 0 0
05D2ck 0.69998 0.69998 0.0 43.16988134235845 0.2153 0 0 0 0 0 0 0 0 0 0 0 0
05D2dt 0.57584 0.57584 0.0 42.47891914434825 0.13845 0 0 0 0 0 0 0 0 0 0 0 0
05D2dy 0.51176 0.51176 0.0 42.29909773025865 0.1165 0 0 0 0 0 0 0 0 0 0 0 0
05D2ec 0.64191 0.64191 0.0 43.11347644557564 0.1659 0 0 0 0 0 0 0 0 0 0 0 0
05D2hc 0.35157 0.35157 0.0 41.28813145337532 0.1136 0 0 0 0 0 0 0 0 0 0 0 0
05D2ie 0.34957 0.34957 0.0 41.45095734418928 0.11065 0 0 0 0 0 0 0 0 0 0 0 0
05D2mp 0.35527 0.35527 0.0 41.022565139920474 0.113 0 0 0 0 0 0 0 0 0 0 0 0
05D2nn 0.87217 0.87217 0.0 43.80442478582904 0.1332 0 0 0 0 0 0 0 0 0 0 0 0
05D2ob 0.92624 0.92624 0.0 43.87162074471059 0.10935 0 0 0 0 0 0 0 0 0 0 0 0
05D3cf 0.41957 0.41957 0.0 41.705665203074304 0.12095 0 0 0 0 0 0 0 0 0 0 0 0
05D3cq 0.89073 0.89073 0.0 43.76628311037203 0.14085 0 0 0 0 0 0 0 0 0 0 0 0
05D3dd 0.48057 0.48057 0.0 41.86394131526445 0.1151 0 0 0 0 0 0 0 0 0 0 0 0
05D3gp 0.5806 0.5806 0.0 42.55477952055132 0.1608 0 0 0 0 0 0 0 0 0 0 0 0
05D3ha 0.80569 0.80569 0.0 43.53159808354357 0.1555 0 0 0 0 0 0 0 0 0 0 0 0
05D3hs 0.66464 0.66464 0.0 43.19005093189994 0.1611 0 0 0 0 0 0 0 0 0 0 0 0
05D3jb 0.74566 0.74566 0.0 43.18481997677252 0.1527 0 0 0 0 0 0 0 0 0 0 0 0
05D3jk 0.73669 0.73669 0.0 43.1178484933804 0.1399 0 0 0 0 0 0 0 0 0 0 0 0
05D3jr 0.37053 0.37053 0.0 41.368238314952556 0.11295 0 0 0 0 0 0 0 0 0 0 0 0
05D3kp 0.85073 0.85073 0.0 43.74542334538086 0.1304 0 0 0 0 0 0 0 0 0 0 0 0
05D3kx 0.21946 0.21946 0.0 40.164586191153745 0.1023 0 0 0 0 0 0 0 0 0 0 0 0
05D3lb 0.64764 0.64764 0.0 42.79674911370974 0.1613 0 0 0 0 0 0 0 0 0 0 0 0
05D3lr 0.6006 0.6006 0.0 42.759592061842305 0.15455 0 0 0 0 0 0 0 0 0 0 0 0
05D3mn 0.7607 0.7607 0.0 43.33306134238468 0.14995 0 0 0 0 0 0 0 0 0 0 0 0
05D3mx 0.47057 0.47057 0.0 42.156292633884014 0.1221 0 0 0 0 0 0 0 0 0 0 0 0
05D4af 0.49737 0.49737 0.0 42.08949656092162 0.13225 0 0 0 0 0 0 0 0 0 0 0 0
05D4av 0.50736 0.50736 0.0 42.19331374970689 0.1253 0 0 0 0 0 0 0 0 0 0 0 0
05D4bf 0.58728 0.58728 0.0 42.56541077867431 0.14055 0 0 0 0 0 0 0 0 0 0 0 0
05D4bj 0.69915 0.69915 0.0 42.85998442994318 0.15635 0 0 0 0 0 0 0 0 0 0 0 0
05D4cn 0.76108 0.76108 0.0 43.367352986420805 0.16035 0 0 0 0 0 0 0 0 0 0 0 0
05D4cs 0.78805 0.78805 0.0 43.451320601670176 0.13815 0 0 0 0 0 0 0 0 0 0 0 0
05D4dt 0.40547 0.40547 0.0 41.65482738337689 0.11045 0 0 0 0 0 0 0 0 0 0 0 0
05D4dy 0.80804 0.80804 0.0 43.4457343609777 0.16345 0 0 0 0 0 0 0 0 0 0 0 0
05D4ej 0.58328 0.58328 0.0 42.41898275681044 0.12955 0 0 0 0 0 0 0 0 0 0 0 0
05D4ev 0.72013 0.72013 0.0 43.08773749815738 0.19335 0 0 0 0 0 0 0 0 0 0 0 0
05D4fg 0.83699 0.83699 0.0 43.53216922894155 0.1427 0 0 0 0 0 0 0 0 0 0 0 0
05D4gw 0.80603 0.80603 0.0 43.329849019060894 0.1837 0 0 0 0 0 0 0 0 0 0 0 0
06D2bk 0.50074 0.50074 0.0 42.17807021979924 0.13595 0 0 0 0 0 0 0 0 0 0 0 0
06D2cc 0.53378 0.53378 0.0 42.434956815640895 0.1665 0 0 0 0 0 0 0 0 0 0 0 0
06D2ce 0.82212 0.82212 0.0 43.88105340651142 0.18525 0 0 0 0 0 0 0 0 0 0 0 0
06D2fb 0.12531 0.12531 0.0 38.82439213243058 0.10355 0 0 0 0 0 0 0 0 0 0 0 0
06D2gb 0.44368 0.44368 0.0 41.92038567999818 0.1349 0 0 0 0 0 0 0 0 0 0 0 0
06D3cc 0.68366 0.68366 0.0 43.00652123997018 0.2905 0 0 0 0 0 0 0 0 0 0 0 0
06D3do 0.72668 0.72668 0.0 42.88132283270422 0.1628 0 0 0 0 0 0 0 0 0 0 0 0
06D3ed 0.40455 0.40455 0.0 41.645604471936075 0.1075 0 0 0 0 0 0 0 0 0 0 0 0
06D3em 0.69065 0.69065 0.0 43.06673791769182 0.18375 0 0 0 0 0 0 0 0 0 0 0 0
06D3et 0.57661 0.57661 0.0 42.87451661094244 0.1229 0 0 0 0 0 0 0 0 0 0 0 0
06D3gh 0.72068 0.72068 0.0 43.13211506693876 0.2029 0 0 0 0 0 0 0 0 0 0 0 0
06D4bo 0.55031 0.55031 0.0 42.485791340724035 0.1249 0 0 0 0 0 0 0 0 0 0 0 0
06D4ce 0.84797 0.84797 0.0 43.61118018623502 0.16975 0 0 0 0 0 0 0 0 0 0 0 0
06D4co 0.43544 0.43544 0.0 41.70990944593136 0.109 0 0 0 0 0 0 0 0 0 0 0 0
06D4dh 0.30158 0.30158 0.0 41.01595201245726 0.0939 0 0 0 0 0 0 0 0 0 0 0 0
03D1aw 0.58073 0.58073 0.0 42.693862927641035 0.1372 0 0 0 0 0 0 0 0 0 0 0 0
03D1bp 0.34593 0.34593 0.0 41.33928659792641 0.111 0 0 0 0 0 0 0 0 0 0 0 0
03D1fc 0.33094 0.33094 0.0 41.04311249731184 0.10685 0 0 0 0 0 0 0 0 0 0 0 0
03D3aw 0.44956 0.44956 0.0 42.117938845842055 0.14135 0 0 0 0 0 0 0 0 0 0 0 0
03D3ba 0.29172 0.29172 0.0 40.65053806607364 0.12535 0 0 0 0 0 0 0 0 0 0 0 0
03D3cd 0.46127 0.46127 0.0 42.06706032741926 0.13775 0 0 0 0 0 0 0 0 0 0 0 0
03D4at 0.63222 0.63222 0.0 43.265328995468586 0.20445 0 0 0 0 0 0 0 0 0 0 0 0
03D4cj 0.26862 0.26862 0.0 40.52455107320358 0.0993 0 0 0 0 0 0 0 0 0 0 0 0
03D4cy 0.92491 0.92491 0.0 43.74919898878885 0.1923 0 0 0 0 0 0 0 0 0 0 0 0
03D4dh 0.62522 0.62522 0.0 42.80063338286165 0.1303 0 0 0 0 0 0 0 0 0 0 0 0
03D4dy 0.60825 0.60825 0.0 42.650307053673515 0.1266 0 0 0 0 0 0 0 0 0 0 0 0
03D4gf 0.57828 0.57828 0.0 42.36400037484978 0.13895 0 0 0 0 0 0 0 0 0 0 0 0
04D1aj 0.71963 0.71963 0.0 43.181284318427785 0.2057 0 0 0 0 0 0 0 0 0 0 0 0
04D1de 0.7666 0.7666 0.0 43.170412545340966 0.1593 0 0 0 0 0 0 0 0 0 0 0 0
04D1hd 0.36791 0.36791 0.0 41.4552005307549 0.1019 0 0 0 0 0 0 0 0 0 0 0 0
04D1hy 0.84852 0.84852 0.0 43.482284116124966 0.14855 0 0 0 0 0 0 0 0 0 0 0 0
04D1jd 0.7766 0.7766 0.0 43.651555274456044 0.17835 0 0 0 0 0 0 0 0 0 0 0 0
04D1kj 0.58375 0.58375 0.0 42.526826089981355 0.09915 0 0 0 0 0 0 0 0 0 0 0 0
04D1oh 0.58873 0.58873 0.0 42.58519956732663 0.13005 0 0 0 0 0 0 0 0 0 0 0 0
04D1pc 0.76859 0.76859 0.0 43.48409484735391 0.16885 0 0 0 0 0 0 0 0 0 0 0 0
04D1pg 0.5138 0.5138 0.0 42.10384438001867 0.1329 0 0 0 0 0 0 0 0 0 0 0 0
04D1pu 0.63771 0.63771 0.0 42.89366426069625 0.2329 0 0 0 0 0 0 0 0 0 0 0 0
04D1rh 0.43487 0.43487 0.0 41.98358866269794 0.1145 0 0 0 0 0 0 0 0 0 0 0 0
04D1sa 0.58375 0.58375 0.0 42.37903613026928 0.14025 0 0 0 0 0 0 0 0 0 0 0 0
04D1sk 0.66206 0.66206 0.0 42.97462910780547 0.17955 0 0 0 0 0 0 0 0 0 0 0 0
04D2an 0.62189 0.62189 0.0 42.81565681588211 0.1628 0 0 0 0 0 0 0 0 0 0 0 0
04D2fp 0.41664 0.41664 0.0 41.81575585135263 0.11755 0 0 0 0 0 0 0 0 0 0 0 0
04D2gb 0.45169 0.45169 0.0 41.76154833593674 0.1377 0 0 0 0 0 0 0 0 0 0 0 0
04D2gp 0.73401 0.73401 0.0 42.90339048436698 0.24055 0 0 0 0 0 0 0 0 0 0 0 0
04D2ja 0.74202 0.74202 0.0 43.36290619698515 0.21515 0 0 0 0 0 0 0 0 0 0 0 0
04D2mc 0.34957 0.34957 0.0 41.313467684461436 0.12 0 0 0 0 0 0 0 0 0 0 0 0
04D2mj 0.51476 0.51476 0.0 42.3062640078493 0.1355 0 0 0 0 0 0 0 0 0 0 0 0
04D3cy 0.64364 0.64364 0.0 42.9328619005614 0.1943 0 0 0 0 0 0 0 0 0 0 0 0
04D3df 0.47058 0.47058 0.0 41.95018309083731 0.12925 0 0 0 0 0 0 0 0 0 0 0 0
04D3ez 0.26349 0.26349 0.0 40.60066324488722 0.1079 0 0 0 0 0 0 0 0 0 0 0 0
04D3fq 0.7427 0.7427 0.0 43.311386227006814 0.19885 0 0 0 0 0 0 0 0 0 0 0 0
04D3gx 0.91075 0.91075 0.0 43.69823675685107 0.16365 0 0 0 0 0 0 0 0 0 0 0 0
04D3kr 0.33753 0.33753 0.0 41.38851324484805 0.10655 0 0 0 0 0 0 0 0 0 0 0 0
04D3lp 0.98377 0.98377 0.0 44.09866462444506 0.1439 0 0 0 0 0 0 0 0 0 0 0 0
04D3mk 0.81369 0.81369 0.0 43.33521808395985 0.14105 0 0 0 0 0 0 0 0 0 0 0 0
04D3nc 0.81773 0.81773 0.0 43.596232615021314 0.12085 0 0 0 0 0 0 0 0 0 0 0 0
04D3nr 0.96075 0.96075 0.0 43.810503591967176 0.1577 0 0 0 0 0 0 0 0 0 0 0 0
04D3oe 0.75669 0.75669 0.0 43.42865257813768 0.1583 0 0 0 0 0 0 0 0 0 0 0 0
04D4bk 0.87796 0.87796 0.0 43.87925810112509 0.14325 0 0 0 0 0 0 0 0 0 0 0 0
04D4dm 0.80902 0.80902 0.0 43.35052218512165 0.1668 0 0 0 0 0 0 0 0 0 0 0 0
04D4fx 0.62723 0.62723 0.0 42.92919391353438 0.138 0 0 0 0 0 0 0 0 0 0 0 0
04D4hf 0.93389 0.93389 0.0 43.96795995770944 0.2009 0 0 0 0 0 0 0 0 0 0 0 0
04D4ib 0.69715 0.69715 0.0 43.214173894106686 0.16195 0 0 0 0 0 0 0 0 0 0 0 0
04D4id 0.76706 0.76706 0.0 43.67995141980412 0.17855 0 0 0 0 0 0 0 0 0 0 0 0
04D4ii 0.86397 0.86397 0.0 43.631273841572224 0.15285 0 0 0 0 0 0 0 0 0 0 0 0
04D4in 0.51434 0.51434 0.0 42.181805673524764 0.11725 0 0 0 0 0 0 0 0 0 0 0 0
04D4ju 0.47039 0.47039 0.0 41.911605666735554 0.141 0 0 0 0 0 0 0 0 0 0 0 0
04D4jy 0.9279 0.9279 0.0 43.71788072518653 0.1829 0 0 0 0 0 0 0 0 0 0 0 0
05D1cb 0.63071 0.63071 0.0 42.80003718463572 0.1432 0 0 0 0 0 0 0 0 0 0 0 0
05D1ck 0.6157 0.6157 0.0 42.79546894543394 0.1433 0 0 0 0 0 0 0 0 0 0 0 0
05D1dn 0.56475 0.56475 0.0 42.55427395975632 0.13595 0 0 0 0 0 0 0 0 0 0 0 0
05D1ee 0.55775 0.55775 0.0 42.59522171987132 0.1349 0 0 0 0 0 0 0 0 0 0 0 0
05D1eo 0.73561 0.73561 0.0 43.229455853654464 0.19205 0 0 0 0 0 0 0 0 0 0 0 0
05D1hk 0.26199 0.26199 0.0 40.718884284031375 0.1082 0 0 0 0 0 0 0 0 0 0 0 0
05D1if 0.76159 0.76159 0.0 43.28082558282153 0.15445 0 0 0 0 0 0 0 0 0 0 0 0
05D1iz 0.85852 0.85852 0.0 44.13668022665677 0.17845 0 0 0 0 0 0 0 0 0 0 0 0
05D1kl 0.55875 0.55875 0.0 42.58325729996464 0.15165 0 0 0 0 0 0 0 0 0 0 0 0
05D2ac 0.48072 0.48072 0.0 41.99597854827936 0.1138 0 0 0 0 0 0 0 0 0 0 0 0
05D2ay 0.92224 0.92224 0.0 43.64951927971217 0.18725 0 0 0 0 0 0 0 0 0 0 0 0
05D2bv 0.47572 0.47572 0.0 42.11890378599898 0.109 0 0 0 0 0 0 0 0 0 0 0 0
05D2by 0.8932 0.8932 0.0 43.72580867067767 0.1577 0 0 0 0 0 0 0 0 0 0 0 0
05D2ci 0.6319 0.6319 0.0 42.94254639798569 0.17705 0 0 0 0 0 0 0 0 0 0 0 0
05D2ct 0.73602 0.73602 0.0 43.32823567572337 0.2108 0 0 0 0 0 0 0 0 0 0 0 0
05D2dw 0.41865 0.41865 0.0 41.727807546246176 0.1152 0 0 0 0 0 0 0 0 0 0 0 0
05D2eb 0.53578 0.53578 0.0 42.27032876923836 0.1266 0 0 0 0 0 0 0 0 0 0 0 0
05D2fq 0.73501 0.73501 0.0 42.95471398630527 0.17825 0 0 0 0 0 0 0 0 0 0 0 0
05D2he 0.60987 0.60987 0.0 42.65477745222548 0.14865 0 0 0 0 0 0 0 0 0 0 0 0
05D2le 0.70198 0.70198 0.0 43.24084847179112 0.16475 0 0 0 0 0 0 0 0 0 0 0 0
05D2my 0.9833 0.9833 0.0 44.05975667367674 0.143 0 0 0 0 0 0 0 0 0 0 0 0
05D2nt 0.75905 0.75905 0.0 43.123651859035014 0.15165 0 0 0 0 0 0 0 0 0 0 0 0
05D3ax 0.64364 0.64364 0.0 42.90040833382998 0.2013 0 0 0 0 0 0 0 0 0 0 0 0
05D3ci 0.51559 0.51559 0.0 42.34444157071596 0.1762 0 0 0 0 0 0 0 0 0 0 0 0
05D3cx 0.80569 0.80569 0.0 43.36107722622373 0.1301 0 0 0 0 0 0 0 0 0 0 0 0
05D3dh 0.8007 0.8007 0.0 43.483675648883064 0.1606 0 0 0 0 0 0 0 0 0 0 0 0
05D3gv 0.71565 0.71565 0.0 43.163414554852466 0.19425 0 0 0 0 0 0 0 0 0 0 0 0
05D3hh 0.76668 0.76668 0.0 43.13350263400703 0.1806 0 0 0 0 0 0 0 0 0 0 0 0
05D3ht 0.90173 0.90173 0.0 43.841520406808854 0.1511 0 0 0 0 0 0 0 0 0 0 0 0
05D3jh 0.71868 0.71868 0.0 43.248240218179454 0.15095 0 0 0 0 0 0 0 0 0 0 0 0
05D3jq 0.5796 0.5796 0.0 42.71516343623486 0.1197 0 0 0 0 0 0 0 0 0 0 0 0
05D3km 0.96074 0.96074 0.0 44.11440127280881 0.14255 0 0 0 0 0 0 0 0 0 0 0 0
05D3kt 0.64864 0.64864 0.0 42.66729874711713 0.159 0 0 0 0 0 0 0 0 0 0 0 0
05D3la 0.93675 0.93675 0.0 43.76179656403046 0.1405 0 0 0 0 0 0 0 0 0 0 0 0
05D3lc 0.46156 0.46156 0.0 42.04509623906643 0.11115 0 0 0 0 0 0 0 0 0 0 0 0
05D3mh 0.67065 0.67065 0.0 43.06744104592181 0.1775 0 0 0 0 0 0 0 0 0 0 0 0
05D3mq 0.24649 0.24649 0.0 40.46825065823108 0.10805 0 0 0 0 0 0 0 0 0 0 0 0
05D4ag 0.63822 0.63822 0.0 43.551737421705425 0.184 0 0 0 0 0 0 0 0 0 0 0 0
05D4be 0.53532 0.53532 0.0 42.43855335814445 0.11085 0 0 0 0 0 0 0 0 0 0 0 0
05D4bi 0.77307 0.77307 0.0 43.562788190565996 0.17625 0 0 0 0 0 0 0 0 0 0 0 0
05D4bm 0.3705 0.3705 0.0 41.52420903652056 0.1043 0 0 0 0 0 0 0 0 0 0 0 0
05D4cq 0.69916 0.69916 0.0 43.20140416901712 0.1728 0 0 0 0 0 0 0 0 0 0 0 0
05D4cw 0.3735 0.3735 0.0 41.41238880410507 0.1039 0 0 0 0 0 0 0 0 0 0 0 0
05D4dw 0.85298 0.85298 0.0 43.7478106087894 0.1508 0 0 0 0 0 0 0 0 0 0 0 0
05D4ef 0.60326 0.60326 0.0 42.581619081425394 0.1429 0 0 0 0 0 0 0 0 0 0 0 0
05D4ek 0.53433 0.53433 0.0 42.33986859568706 0.1289 0 0 0 0 0 0 0 0 0 0 0 0
05D4ff 0.40048 0.40048 0.0 41.56675303427426 0.1151 0 0 0 0 0 0 0 0 0 0 0 0
05D4fo 0.3715 0.3715 0.0 41.440333356377934 0.10745 0 0 0 0 0 0 0 0 0 0 0 0
05D4hn 0.83999 0.83999 0.0 43.942201680175096 0.15175 0 0 0 0 0 0 0 0 0 0 0 0
06D2ca 0.53278 0.53278 0.0 42.15015660304342 0.11385 0 0 0 0 0 0 0 0 0 0 0 0
06D2cd 0.93225 0.93225 0.0 44.02434853298533 0.21015 0 0 0 0 0 0 0 0 0 0 0 0
06D2ck 0.55381 0.55381 0.0 42.26458513608413 0.1242 0 0 0 0 0 0 0 0 0 0 0 0
06D2ga 0.84214 0.84214 0.0 43.51032670589685 0.1858 0 0 0 0 0 0 0 0 0 0 0 0
06D3bz 0.72767 0.72767 0.0 43.412852959350474 0.19785 0 0 0 0 0 0 0 0 0 0 0 0
06D3df 0.44255 0.44255 0.0 41.886368404756546 0.1137 0 0 0 0 0 0 0 0 0 0 0 0
06D3dt 0.28251 0.28251 0.0 40.63135715076321 0.1073 0 0 0 0 0 0 0 0 0 0 0 0
06D3el 0.51961 0.51961 0.0 42.21896520548914 0.109 0 0 0 0 0 0 0 0 0 0 0 0
06D3en 1.0608 1.0608 0.0 44.35391821195909 0.16415 0 0 0 0 0 0 0 0 0 0 0 0
06D3fp 0.26849 0.26849 0.0 40.54496113825979 0.1051 0 0 0 0 0 0 0 0 0 0 0 0
06D3gn 0.2505 0.2505 0.0 40.47606598291404 0.1114 0 0 0 0 0 0 0 0 0 0 0 0
06D4ba 0.69816 0.69816 0.0 43.09485807614358 0.2171 0 0 0 0 0 0 0 0 0 0 0 0
06D4bw 0.73012 0.73012 0.0 43.08200094963712 0.19115 0 0 0 0 0 0 0 0 0 0 0 0
06D4cl 0.99781 0.99781 0.0 44.27452388030622 0.0953 0 0 0 0 0 0 0 0 0 0 0 0
06D4cq 0.40946 0.40946 0.0 41.74838088939837 0.10895 0 0 0 0 0 0 0 0 0 0 0 0
744 0.12679 0.12679 0.0 38.59126427332562 0.11965 0 0 0 0 0 0 0 0 0 0 0 0
1112 0.25577 0.25577 0.0 40.53670315986091 0.1818 0 0 0 0 0 0 0 0 0 0 0 0
1241 0.08859 0.08859 0.0 37.93869064640009 0.10605 0 0 0 0 0 0 0 0 0 0 0 0
1371 0.11782 0.11782 0.0 38.7480074911014 0.0991 0 0 0 0 0 0 0 0 0 0 0 0
1580 0.18356 0.18356 0.0 39.60120519531837 0.1284 0 0 0 0 0 0 0 0 0 0 0 0
1794 0.14055 0.14055 0.0 39.06022419108245 0.11635 0 0 0 0 0 0 0 0 0 0 0 0
2031 0.15171 0.15171 0.0 39.30468840275774 0.10325 0 0 0 0 0 0 0 0 0 0 0 0
2102 0.094 0.094 0.0 38.23326803000845 0.10285 0 0 0 0 0 0 0 0 0 0 0 0
2165 0.28631 0.28631 0.0 40.59945706234062 0.1504 0 0 0 0 0 0 0 0 0 0 0 0
2422 0.26318 0.26318 0.0 40.52490056284465 0.14295 0 0 0 0 0 0 0 0 0 0 0 0
2635 0.14167 0.14167 0.0 39.0423982904904 0.1047 0 0 0 0 0 0 0 0 0 0 0 0
2689 0.16053 0.16053 0.0 39.30996655192723 0.1156 0 0 0 0 0 0 0 0 0 0 0 0
2916 0.1229 0.1229 0.0 38.96721221491595 0.11665 0 0 0 0 0 0 0 0 0 0 0 0
2992 0.1262 0.1262 0.0 38.868505281391336 0.113 0 0 0 0 0 0 0 0 0 0 0 0
3080 0.17331 0.17331 0.0 39.44137883582049 0.09925 0 0 0 0 0 0 0 0 0 0 0 0
3087 0.16448 0.16448 0.0 39.54223847294389 0.1083 0 0 0 0 0 0 0 0 0 0 0 0
3317 0.16018 0.16018 0.0 39.614739362055396 0.11045 0 0 0 0 0 0 0 0 0 0 0 0
3377 0.24488 0.24488 0.0 40.5306491758341 0.1298 0 0 0 0 0 0 0 0 0 0 0 0
3451 0.24805 0.24805 0.0 40.223850640095925 0.13435 0 0 0 0 0 0 0 0 0 0 0 0
4046 0.27511 0.27511 0.0 40.60651776845812 0.15505 0 0 0 0 0 0 0 0 0 0 0 0
4241 0.33015 0.33015 0.0 41.335607187047145 0.1589 0 0 0 0 0 0 0 0 0 0 0 0
4679 0.3307 0.3307 0.0 41.03365766971779 0.1481 0 0 0 0 0 0 0 0 0 0 0 0
5103 0.1604 0.1604 0.0 39.432202347613924 0.10955 0 0 0 0 0 0 0 0 0 0 0 0
5533 0.21861 0.21861 0.0 40.2256644043582 0.13435 0 0 0 0 0 0 0 0 0 0 0 0
5549 0.12005 0.12005 0.0 38.612278104194715 0.1021 0 0 0 0 0 0 0 0 0 0 0 0
5635 0.17818 0.17818 0.0 39.62460095674049 0.1286 0 0 0 0 0 0 0 0 0 0 0 0
5957 0.279 0.279 0.0 40.28622015422004 0.13265 0 0 0 0 0 0 0 0 0 0 0 0
5994 0.18562 0.18562 0.0 39.5965665317936 0.1298 0 0 0 0 0 0 0 0 0 0 0 0
6057 0.06641 0.06641 0.0 37.32693638613162 0.1134 0 0 0 0 0 0 0 0 0 0 0 0
6108 0.25769 0.25769 0.0 40.342850024054854 0.14285 0 0 0 0 0 0 0 0 0 0 0 0
6196 0.27946 0.27946 0.0 40.94844506794574 0.1398 0 0 0 0 0 0 0 0 0 0 0 0
6315 0.2655 0.2655 0.0 40.408176654652905 0.1301 0 0 0 0 0 0 0 0 0 0 0 0
6422 0.18478 0.18478 0.0 39.672263243339664 0.1056 0 0 0 0 0 0 0 0 0 0 0 0
6558 0.05715 0.05715 0.0 37.03184853454591 0.1072 0 0 0 0 0 0 0 0 0 0 0 0
6924 0.32601 0.32601 0.0 41.31371743612986 0.1464 0 0 0 0 0 0 0 0 0 0 0 0
7147 0.10902 0.10902 0.0 38.33669962504277 0.10285 0 0 0 0 0 0 0 0 0 0 0 0
7243 0.20299 0.20299 0.0 40.10404964832645 0.1382 0 0 0 0 0 0 0 0 0 0 0 0
7779 0.37949 0.37949 0.0 41.48694496748001 0.1395 0 0 0 0 0 0 0 0 0 0 0 0
7847 0.21198 0.21198 0.0 39.92671785070205 0.12295 0 0 0 0 0 0 0 0 0 0 0 0
8495 0.21327 0.21327 0.0 40.12502748361439 0.1364 0 0 0 0 0 0 0 0 0 0 0 0
8921 0.14393 0.14393 0.0 39.15163778954846 0.113 0 0 0 0 0 0 0 0 0 0 0 0
9032 0.25218 0.25218 0.0 40.37166393961422 0.16095 0 0 0 0 0 0 0 0 0 0 0 0
9457 0.25641 0.25641 0.0 40.52112470344368 0.1749 0 0 0 0 0 0 0 0 0 0 0 0
9467 0.2186 0.2186 0.0 40.0565566308201 0.1685 0 0 0 0 0 0 0 0 0 0 0 0
12779 0.07883 0.07883 0.0 37.75720993378125 0.12205 0 0 0 0 0 0 0 0 0 0 0 0
12781 0.08328 0.08328 0.0 37.94494922332983 0.11605 0 0 0 0 0 0 0 0 0 0 0 0
12856 0.17008 0.17008 0.0 39.69167486516694 0.107 0 0 0 0 0 0 0 0 0 0 0 0
12881 0.23643 0.23643 0.0 40.1339231454375 0.14325 0 0 0 0 0 0 0 0 0 0 0 0
12883 0.30538 0.30538 0.0 41.36133485206479 0.19765 0 0 0 0 0 0 0 0 0 0 0 0
12898 0.08286 0.08286 0.0 37.650665834337204 0.1055 0 0 0 0 0 0 0 0 0 0 0 0
12927 0.18905 0.18905 0.0 39.75515140203786 0.1187 0 0 0 0 0 0 0 0 0 0 0 0
12950 0.08162 0.08162 0.0 37.88366829568603 0.10425 0 0 0 0 0 0 0 0 0 0 0 0
12972 0.25626 0.25626 0.0 40.552851542769545 0.16145 0 0 0 0 0 0 0 0 0 0 0 0
13005 0.12631 0.12631 0.0 38.740794127472775 0.13485 0 0 0 0 0 0 0 0 0 0 0 0
13038 0.1028 0.1028 0.0 38.319247325050554 0.1443 0 0 0 0 0 0 0 0 0 0 0 0
13044 0.1244 0.1244 0.0 38.7398076849742 0.1006 0 0 0 0 0 0 0 0 0 0 0 0
13136 0.37003 0.37003 0.0 41.32507107678888 0.1636 0 0 0 0 0 0 0 0 0 0 0 0
13152 0.20192 0.20192 0.0 40.02812144614946 0.11475 0 0 0 0 0 0 0 0 0 0 0 0
13254 0.18004 0.18004 0.0 39.708101019665676 0.14335 0 0 0 0 0 0 0 0 0 0 0 0
13411 0.16163 0.16163 0.0 39.31158217464983 0.1299 0 0 0 0 0 0 0 0 0 0 0 0
13578 0.22644 0.22644 0.0 40.33344805364636 0.141 0 0 0 0 0 0 0 0 0 0 0 0
13610 0.29649 0.29649 0.0 40.91085884918262 0.1446 0 0 0 0 0 0 0 0 0 0 0 0
13689 0.24999 0.24999 0.0 40.55513087451532 0.13305 0 0 0 0 0 0 0 0 0 0 0 0
13736 0.14864 0.14864 0.0 39.27150568814912 0.1063 0 0 0 0 0 0 0 0 0 0 0 0
13796 0.14711 0.14711 0.0 39.09464446689679 0.10335 0 0 0 0 0 0 0 0 0 0 0 0
14019 0.2149 0.2149 0.0 39.99725694266369 0.1483 0 0 0 0 0 0 0 0 0 0 0 0
14024 0.14462 0.14462 0.0 39.2446973668261 0.13965 0 0 0 0 0 0 0 0 0 0 0 0
14108 0.13226 0.13226 0.0 39.01314403059074 0.1333 0 0 0 0 0 0 0 0 0 0 0 0
14331 0.2195 0.2195 0.0 40.128581372033885 0.1346 0 0 0 0 0 0 0 0 0 0 0 0
14397 0.38447 0.38447 0.0 41.5361840257015 0.14945 0 0 0 0 0 0 0 0 0 0 0 0
14421 0.1742 0.1742 0.0 39.72112121443616 0.1115 0 0 0 0 0 0 0 0 0 0 0 0
14451 0.17772 0.17772 0.0 39.55371034089865 0.1224 0 0 0 0 0 0 0 0 0 0 0 0
14735 0.29911 0.29911 0.0 40.95941278108245 0.1301 0 0 0 0 0 0 0 0 0 0 0 0
14871 0.1187 0.1187 0.0 38.65367074708775 0.1339 0 0 0 0 0 0 0 0 0 0 0 0
14979 0.17685 0.17685 0.0 39.59139669649991 0.106 0 0 0 0 0 0 0 0 0 0 0 0
15057 0.24526 0.24526 0.0 40.6072016446119 0.1882 0 0 0 0 0 0 0 0 0 0 0 0
15129 0.1959 0.1959 0.0 39.95667958116528 0.11935 0 0 0 0 0 0 0 0 0 0 0 0
15161 0.24832 0.24832 0.0 40.5385020270798 0.1326 0 0 0 0 0 0 0 0 0 0 0 0
15213 0.30617 0.30617 0.0 41.15680134277481 0.16135 0 0 0 0 0 0 0 0 0 0 0 0
15219 0.24616 0.24616 0.0 40.412077338176005 0.13055 0 0 0 0 0 0 0 0 0 0 0 0
15234 0.13527 0.13527 0.0 39.06160736375437 0.1135 0 0 0 0 0 0 0 0 0 0 0 0
15259 0.21028 0.21028 0.0 39.98660518679401 0.1335 0 0 0 0 0 0 0 0 0 0 0 0
15287 0.23603 0.23603 0.0 40.34705014313096 0.12315 0 0 0 0 0 0 0 0 0 0 0 0
15301 0.17831 0.17831 0.0 39.61922946940041 0.1134 0 0 0 0 0 0 0 0 0 0 0 0
15354 0.22043 0.22043 0.0 40.15657981728624 0.15445 0 0 0 0 0 0 0 0 0 0 0 0
15383 0.31468 0.31468 0.0 41.1079612955325 0.1572 0 0 0 0 0 0 0 0 0 0 0 0
15421 0.1846 0.1846 0.0 39.62493464917746 0.1118 0 0 0 0 0 0 0 0 0 0 0 0
15440 0.2611 0.2611 0.0 40.84338546020865 0.13865 0 0 0 0 0 0 0 0 0 0 0 0
15443 0.18122 0.18122 0.0 39.566465666789384 0.10535 0 0 0 0 0 0 0 0 0 0 0 0
15456 0.38003 0.38003 0.0 41.30627206319518 0.1506 0 0 0 0 0 0 0 0 0 0 0 0
15461 0.1846 0.1846 0.0 39.84171931807567 0.1082 0 0 0 0 0 0 0 0 0 0 0 0
15467 0.20824 0.20824 0.0 40.10018579055629 0.12075 0 0 0 0 0 0 0 0 0 0 0 0
15583 0.17746 0.17746 0.0 39.7031859478201 0.12905 0 0 0 0 0 0 0 0 0 0 0 0
15776 0.31555 0.31555 0.0 41.11776722227753 0.15355 0 0 0 0 0 0 0 0 0 0 0 0
15868 0.24954 0.24954 0.0 40.441056829549886 0.1247 0 0 0 0 0 0 0 0 0 0 0 0
15901 0.20324 0.20324 0.0 39.83898525690087 0.11955 0 0 0 0 0 0 0 0 0 0 0 0
16021 0.12347 0.12347 0.0 38.77979643783193 0.10285 0 0 0 0 0 0 0 0 0 0 0 0
16032 0.20314 0.20314 0.0 39.86357536697059 0.12035 0 0 0 0 0 0 0 0 0 0 0 0
16073 0.15352 0.15352 0.0 39.38274723672796 0.10495 0 0 0 0 0 0 0 0 0 0 0 0
16093 0.33398 0.33398 0.0 41.139782517381164 0.1592 0 0 0 0 0 0 0 0 0 0 0 0
16099 0.19582 0.19582 0.0 39.762174683255395 0.1151 0 0 0 0 0 0 0 0 0 0 0 0
16106 0.24943 0.24943 0.0 40.39508424546539 0.14445 0 0 0 0 0 0 0 0 0 0 0 0
16116 0.1549 0.1549 0.0 39.34533897115438 0.1063 0 0 0 0 0 0 0 0 0 0 0 0
16165 0.15625 0.15625 0.0 39.250853276448105 0.12595 0 0 0 0 0 0 0 0 0 0 0 0
16206 0.15819 0.15819 0.0 39.24914829836695 0.12375 0 0 0 0 0 0 0 0 0 0 0 0
16211 0.309 0.309 0.0 41.01701361101793 0.19685 0 0 0 0 0 0 0 0 0 0 0 0
16213 0.24828 0.24828 0.0 40.46423918971101 0.1388 0 0 0 0 0 0 0 0 0 0 0 0
16281 0.18484 0.18484 0.0 39.656897400602666 0.1235 0 0 0 0 0 0 0 0 0 0 0 0
17168 0.18353 0.18353 0.0 39.64383744538647 0.1247 0 0 0 0 0 0 0 0 0 0 0 0
17215 0.18212 0.18212 0.0 39.716170865075576 0.13765 0 0 0 0 0 0 0 0 0 0 0 0
17218 0.17675 0.17675 0.0 39.426325795474426 0.129 0 0 0 0 0 0 0 0 0 0 0 0
17220 0.17748 0.17748 0.0 39.452396554721915 0.12115 0 0 0 0 0 0 0 0 0 0 0 0
17240 0.0718 0.0718 0.0 37.44168153677372 0.1254 0 0 0 0 0 0 0 0 0 0 0 0
17366 0.13796 0.13796 0.0 39.00777864258586 0.10475 0 0 0 0 0 0 0 0 0 0 0 0
17389 0.16941 0.16941 0.0 39.55357810561022 0.1317 0 0 0 0 0 0 0 0 0 0 0 0
17464 0.24527 0.24527 0.0 40.6174622862906 0.14705 0 0 0 0 0 0 0 0 0 0 0 0
17497 0.14406 0.14406 0.0 39.22118246411782 0.10485 0 0 0 0 0 0 0 0 0 0 0 0
17552 0.25163 0.25163 0.0 40.43955511314044 0.1462 0 0 0 0 0 0 0 0 0 0 0 0
17784 0.03743 0.03743 0.0 36.071483183333896 0.1166 0 0 0 0 0 0 0 0 0 0 0 0
17791 0.27716 0.27716 0.0 40.49385468623217 0.2055 0 0 0 0 0 0 0 0 0 0 0 0
17809 0.28712 0.28712 0.0 40.78420045488965 0.1491 0 0 0 0 0 0 0 0 0 0 0 0
17811 0.19845 0.19845 0.0 39.84899899758194 0.13895 0 0 0 0 0 0 0 0 0 0 0 0
17825 0.16031 0.16031 0.0 39.42388982942348 0.129 0 0 0 0 0 0 0 0 0 0 0 0
17875 0.21053 0.21053 0.0 39.90617806030709 0.15075 0 0 0 0 0 0 0 0 0 0 0 0
17884 0.23753 0.23753 0.0 40.39085919121604 0.1316 0 0 0 0 0 0 0 0 0 0 0 0
18030 0.15499 0.15499 0.0 39.483596736205925 0.11795 0 0 0 0 0 0 0 0 0 0 0 0
18241 0.0939 0.0939 0.0 38.125537215464504 0.14945 0 0 0 0 0 0 0 0 0 0 0 0
18323 0.15253 0.15253 0.0 39.31082272607734 0.11355 0 0 0 0 0 0 0 0 0 0 0 0
18325 0.25693 0.25693 0.0 40.61366574086885 0.1446 0 0 0 0 0 0 0 0 0 0 0 0
18466 0.21231 0.21231 0.0 39.99885852595769 0.1303 0 0 0 0 0 0 0 0 0 0 0 0
18486 0.24583 0.24583 0.0 40.43538932143637 0.13085 0 0 0 0 0 0 0 0 0 0 0 0
18602 0.13679 0.13679 0.0 39.01165845390545 0.11075 0 0 0 0 0 0 0 0 0 0 0 0
18617 0.32529 0.32529 0.0 41.114855586273656 0.1809 0 0 0 0 0 0 0 0 0 0 0 0
18697 0.10643 0.10643 0.0 38.349840670210824 0.10245 0 0 0 0 0 0 0 0 0 0 0 0
18721 0.4008 0.4008 0.0 41.628584763441694 0.1602 0 0 0 0 0 0 0 0 0 0 0 0
18749 0.1891 0.1891 0.0 39.838713035427254 0.13035 0 0 0 0 0 0 0 0 0 0 0 0
18804 0.19731 0.19731 0.0 40.03813916084051 0.1122 0 0 0 0 0 0 0 0 0 0 0 0
18809 0.12783 0.12783 0.0 38.97917182915975 0.132 0 0 0 0 0 0 0 0 0 0 0 0
18835 0.12291 0.12291 0.0 38.98388433964374 0.1033 0 0 0 0 0 0 0 0 0 0 0 0
18855 0.12687 0.12687 0.0 38.755501858285605 0.10365 0 0 0 0 0 0 0 0 0 0 0 0
18927 0.21311 0.21311 0.0 40.18484447703033 0.1429 0 0 0 0 0 0 0 0 0 0 0 0
18940 0.21075 0.21075 0.0 40.056670259491824 0.12695 0 0 0 0 0 0 0 0 0 0 0 0
18945 0.26826 0.26826 0.0 40.954110774709655 0.15275 0 0 0 0 0 0 0 0 0 0 0 0
18965 0.20431 0.20431 0.0 39.8583352946729 0.12435 0 0 0 0 0 0 0 0 0 0 0 0
19002 0.26991 0.26991 0.0 40.52807553869287 0.12695 0 0 0 0 0 0 0 0 0 0 0 0
19023 0.24162 0.24162 0.0 40.27305588298729 0.15175 0 0 0 0 0 0 0 0 0 0 0 0
19027 0.2908 0.2908 0.0 40.507400842635086 0.14645 0 0 0 0 0 0 0 0 0 0 0 0
19067 0.35306 0.35306 0.0 41.22320866105759 0.1515 0 0 0 0 0 0 0 0 0 0 0 0
19128 0.28509 0.28509 0.0 40.65226389295315 0.15435 0 0 0 0 0 0 0 0 0 0 0 0
19230 0.21929 0.21929 0.0 40.152155499013766 0.1534 0 0 0 0 0 0 0 0 0 0 0 0
19282 0.17537 0.17537 0.0 39.6372189426854 0.1249 0 0 0 0 0 0 0 0 0 0 0 0
19341 0.23517 0.23517 0.0 40.57181414975216 0.1458 0 0 0 0 0 0 0 0 0 0 0 0
19353 0.15298 0.15298 0.0 39.37629532000678 0.1096 0 0 0 0 0 0 0 0 0 0 0 0
19425 0.20982 0.20982 0.0 39.931378605661536 0.1584 0 0 0 0 0 0 0 0 0 0 0 0
19596 0.29121 0.29121 0.0 40.687078741151744 0.1501 0 0 0 0 0 0 0 0 0 0 0 0
19632 0.31353 0.31353 0.0 41.07879641139935 0.14945 0 0 0 0 0 0 0 0 0 0 0 0
19775 0.13672 0.13672 0.0 38.85882724713945 0.1138 0 0 0 0 0 0 0 0 0 0 0 0
19794 0.29532 0.29532 0.0 41.209182242045095 0.1925 0 0 0 0 0 0 0 0 0 0 0 0
19818 0.30369 0.30369 0.0 41.085177433927655 0.135 0 0 0 0 0 0 0 0 0 0 0 0
19913 0.20532 0.20532 0.0 39.90729483455943 0.1351 0 0 0 0 0 0 0 0 0 0 0 0
19953 0.12175 0.12175 0.0 38.57151135519172 0.09805 0 0 0 0 0 0 0 0 0 0 0 0
19969 0.17424 0.17424 0.0 39.728741047593545 0.11045 0 0 0 0 0 0 0 0 0 0 0 0
19990 0.24862 0.24862 0.0 40.41754510677532 0.13995 0 0 0 0 0 0 0 0 0 0 0 0
20039 0.2453 0.2453 0.0 40.57540306377294 0.14105 0 0 0 0 0 0 0 0 0 0 0 0
20084 0.13816 0.13816 0.0 38.84712995662345 0.1169 0 0 0 0 0 0 0 0 0 0 0 0
20088 0.24288 0.24288 0.0 40.3062428389524 0.1175 0 0 0 0 0 0 0 0 0 0 0 0
20111 0.24237 0.24237 0.0 40.37235088599151 0.15195 0 0 0 0 0 0 0 0 0 0 0 0
20142 0.31437 0.31437 0.0 41.01838253699132 0.137 0 0 0 0 0 0 0 0 0 0 0 0
20227 0.2754 0.2754 0.0 40.61533115392313 0.153 0 0 0 0 0 0 0 0 0 0 0 0
20245 0.30004 0.30004 0.0 40.99487601305968 0.15885 0 0 0 0 0 0 0 0 0 0 0 0
20364 0.21735 0.21735 0.0 39.94040917582884 0.15665 0 0 0 0 0 0 0 0 0 0 0 0
20581 0.20311 0.20311 0.0 39.92684185880446 0.12555 0 0 0 0 0 0 0 0 0 0 0 0
20687 0.19005 0.19005 0.0 39.804422282934766 0.1552 0 0 0 0 0 0 0 0 0 0 0 0
21006 0.29003 0.29003 0.0 40.89067385602858 0.15315 0 0 0 0 0 0 0 0 0 0 0 0
21033 0.22796 0.22796 0.0 40.32985688029866 0.15045 0 0 0 0 0 0 0 0 0 0 0 0
21042 0.31032 0.31032 0.0 40.80201448026281 0.15795 0 0 0 0 0 0 0 0 0 0 0 0
21062 0.13712 0.13712 0.0 38.84076613415358 0.11415 0 0 0 0 0 0 0 0 0 0 0 0
21502 0.08798 0.08798 0.0 38.129319493518516 0.1066 0 0 0 0 0 0 0 0 0 0 0 0
722 0.08534 0.08534 0.0 37.95883658853267 0.1057 0 0 0 0 0 0 0 0 0 0 0 0
762 0.19024 0.19024 0.0 39.699627926582096 0.11825 0 0 0 0 0 0 0 0 0 0 0 0
774 0.09278 0.09278 0.0 38.28343945625864 0.109 0 0 0 0 0 0 0 0 0 0 0 0
1032 0.12891 0.12891 0.0 38.88690070140692 0.12795 0 0 0 0 0 0 0 0 0 0 0 0
1253 0.26136 0.26136 0.0 40.74245556076707 0.15835 0 0 0 0 0 0 0 0 0 0 0 0
2017 0.26132 0.26132 0.0 40.56741461623367 0.17885 0 0 0 0 0 0 0 0 0 0 0 0
2246 0.1957 0.1957 0.0 40.12207529513673 0.12925 0 0 0 0 0 0 0 0 0 0 0 0
2308 0.14723 0.14723 0.0 39.39603248163975 0.1218 0 0 0 0 0 0 0 0 0 0 0 0
2330 0.21154 0.21154 0.0 39.997133361867476 0.1818 0 0 0 0 0 0 0 0 0 0 0 0
2372 0.17972 0.17972 0.0 39.76272636170298 0.11325 0 0 0 0 0 0 0 0 0 0 0 0
2440 0.1907 0.1907 0.0 39.870860371430574 0.11925 0 0 0 0 0 0 0 0 0 0 0 0
2533 0.3385 0.3385 0.0 41.418362412388355 0.1618 0 0 0 0 0 0 0 0 0 0 0 0
2561 0.11762 0.11762 0.0 38.55736872128733 0.10595 0 0 0 0 0 0 0 0 0 0 0 0
2789 0.28854 0.28854 0.0 40.9115966451511 0.1639 0 0 0 0 0 0 0 0 0 0 0 0
2943 0.26377 0.26377 0.0 40.74432644917548 0.15695 0 0 0 0 0 0 0 0 0 0 0 0
3199 0.24931 0.24931 0.0 40.19252819192953 0.1409 0 0 0 0 0 0 0 0 0 0 0 0
3452 0.22939 0.22939 0.0 40.0875435561836 0.1271 0 0 0 0 0 0 0 0 0 0 0 0
3592 0.08575 0.08575 0.0 37.72998696878778 0.10035 0 0 0 0 0 0 0 0 0 0 0 0
4000 0.27631 0.27631 0.0 40.64097600337488 0.19055 0 0 0 0 0 0 0 0 0 0 0 0
4577 0.36165 0.36165 0.0 41.481570714641265 0.1645 0 0 0 0 0 0 0 0 0 0 0 0
5391 0.30006 0.30006 0.0 41.14436617734274 0.16525 0 0 0 0 0 0 0 0 0 0 0 0
5395 0.11659 0.11659 0.0 38.64694375200332 0.1036 0 0 0 0 0 0 0 0 0 0 0 0
5550 0.15474 0.15474 0.0 39.46920472058553 0.1045 0 0 0 0 0 0 0 0 0 0 0 0
5717 0.2501 0.2501 0.0 40.265534525949356 0.13225 0 0 0 0 0 0 0 0 0 0 0 0
5736 0.25149 0.25149 0.0 40.245931302498605 0.1266 0 0 0 0 0 0 0 0 0 0 0 0
5751 0.12941 0.12941 0.0 38.87512845669643 0.1075 0 0 0 0 0 0 0 0 0 0 0 0
5844 0.30894 0.30894 0.0 41.03358291367951 0.1693 0 0 0 0 0 0 0 0 0 0 0 0
6137 0.29859 0.29859 0.0 40.87858103662661 0.1633 0 0 0 0 0 0 0 0 0 0 0 0
6192 0.27057 0.27057 0.0 40.29128102947315 0.169 0 0 0 0 0 0 0 0 0 0 0 0
6249 0.29318 0.29318 0.0 40.82580946982876 0.1437 0 0 0 0 0 0 0 0 0 0 0 0
6304 0.18988 0.18988 0.0 39.62903779177841 0.1185 0 0 0 0 0 0 0 0 0 0 0 0
6406 0.12368 0.12368 0.0 38.84438110771616 0.1022 0 0 0 0 0 0 0 0 0 0 0 0
6649 0.31262 0.31262 0.0 41.05044338471217 0.14295 0 0 0 0 0 0 0 0 0 0 0 0
6699 0.3088 0.3088 0.0 40.82151661589183 0.15525 0 0 0 0 0 0 0 0 0 0 0 0
6780 0.20244 0.20244 0.0 39.86606131034551 0.13765 0 0 0 0 0 0 0 0 0 0 0 0
6933 0.21139 0.21139 0.0 39.90553290787064 0.1276 0 0 0 0 0 0 0 0 0 0 0 0
6936 0.1787 0.1787 0.0 39.63195536737274 0.1152 0 0 0 0 0 0 0 0 0 0 0 0
7143 0.30317 0.30317 0.0 41.053172002188006 0.13765 0 0 0 0 0 0 0 0 0 0 0 0
7473 0.21432 0.21432 0.0 39.9448893276214 0.1308 0 0 0 0 0 0 0 0 0 0 0 0
7475 0.32007 0.32007 0.0 41.12521652588894 0.1358 0 0 0 0 0 0 0 0 0 0 0 0
7512 0.21791 0.21791 0.0 40.038427640899954 0.14225 0 0 0 0 0 0 0 0 0 0 0 0
7876 0.07523 0.07523 0.0 37.556627109079656 0.10185 0 0 0 0 0 0 0 0 0 0 0 0
8046 0.2574 0.2574 0.0 40.50228670883068 0.15 0 0 0 0 0 0 0 0 0 0 0 0
8213 0.18446 0.18446 0.0 39.57935124860731 0.13065 0 0 0 0 0 0 0 0 0 0 0 0
8719 0.11639 0.11639 0.0 38.578910157003364 0.10185 0 0 0 0 0 0 0 0 0 0 0 0
10028 0.06481 0.06481 0.0 37.16776812283216 0.1109 0 0 0 0 0 0 0 0 0 0 0 0
10434 0.10298 0.10298 0.0 38.55566349784607 0.103 0 0 0 0 0 0 0 0 0 0 0 0
10805 0.04437 0.04437 0.0 36.45618025195779 0.11995 0 0 0 0 0 0 0 0 0 0 0 0
12843 0.16576 0.16576 0.0 39.376089416726415 0.12155 0 0 0 0 0 0 0 0 0 0 0 0
12853 0.16799 0.16799 0.0 39.51880755632832 0.1219 0 0 0 0 0 0 0 0 0 0 0 0
12855 0.17043 0.17043 0.0 39.510823950584374 0.14255 0 0 0 0 0 0 0 0 0 0 0 0
12860 0.12029 0.12029 0.0 38.686583107778574 0.11295 0 0 0 0 0 0 0 0 0 0 0 0
12928 0.13855 0.13855 0.0 39.12043193310639 0.1308 0 0 0 0 0 0 0 0 0 0 0 0
12971 0.23353 0.23353 0.0 40.39696039996156 0.1527 0 0 0 0 0 0 0 0 0 0 0 0
12977 0.24615 0.24615 0.0 40.331544407929215 0.14645 0 0 0 0 0 0 0 0 0 0 0 0
13025 0.22259 0.22259 0.0 40.0761254582108 0.1546 0 0 0 0 0 0 0 0 0 0 0 0
13045 0.17893 0.17893 0.0 39.60853701855669 0.1225 0 0 0 0 0 0 0 0 0 0 0 0
13070 0.19694 0.19694 0.0 39.602196033136586 0.1167 0 0 0 0 0 0 0 0 0 0 0 0
13072 0.22889 0.22889 0.0 40.01514573417442 0.14355 0 0 0 0 0 0 0 0 0 0 0 0
13099 0.26419 0.26419 0.0 40.80969206245604 0.1665 0 0 0 0 0 0 0 0 0 0 0 0
13135 0.1034 0.1034 0.0 38.52829319952412 0.1007 0 0 0 0 0 0 0 0 0 0 0 0
13305 0.21313 0.21313 0.0 40.02972207330081 0.12325 0 0 0 0 0 0 0 0 0 0 0 0
13354 0.1568 0.1568 0.0 39.39377432322905 0.1104 0 0 0 0 0 0 0 0 0 0 0 0
13506 0.24317 0.24317 0.0 40.42773969056116 0.15475 0 0 0 0 0 0 0 0 0 0 0 0
13511 0.23823 0.23823 0.0 40.771019635467326 0.14335 0 0 0 0 0 0 0 0 0 0 0 0
13641 0.20827 0.20827 0.0 40.152610585514594 0.1319 0 0 0 0 0 0 0 0 0 0 0 0
13655 0.25085 0.25085 0.0 40.43413841962036 0.1659 0 0 0 0 0 0 0 0 0 0 0 0
13727 0.2251 0.2251 0.0 40.068458667217755 0.12955 0 0 0 0 0 0 0 0 0 0 0 0
13757 0.28707 0.28707 0.0 40.55688896921094 0.14295 0 0 0 0 0 0 0 0 0 0 0 0
13830 0.32944 0.32944 0.0 41.15798969706567 0.14295 0 0 0 0 0 0 0 0 0 0 0 0
13835 0.24575 0.24575 0.0 40.3126208952114 0.1225 0 0 0 0 0 0 0 0 0 0 0 0
13894 0.11981 0.11981 0.0 38.50032502187489 0.142 0 0 0 0 0 0 0 0 0 0 0 0
13934 0.32891 0.32891 0.0 40.989384546281606 0.20955 0 0 0 0 0 0 0 0 0 0 0 0
14157 0.21037 0.21037 0.0 39.89894457118274 0.1203 0 0 0 0 0 0 0 0 0 0 0 0
14212 0.20284 0.20284 0.0 40.137911136471516 0.1164 0 0 0 0 0 0 0 0 0 0 0 0
14261 0.28403 0.28403 0.0 40.88045173480171 0.13635 0 0 0 0 0 0 0 0 0 0 0 0
14284 0.18046 0.18046 0.0 39.6616177900532 0.10565 0 0 0 0 0 0 0 0 0 0 0 0
14298 0.26043 0.26043 0.0 40.77208301981645 0.1521 0 0 0 0 0 0 0 0 0 0 0 0
14437 0.14774 0.14774 0.0 39.1982517001206 0.1023 0 0 0 0 0 0 0 0 0 0 0 0
14456 0.32753 0.32753 0.0 40.9950204649762 0.13855 0 0 0 0 0 0 0 0 0 0 0 0
14481 0.24177 0.24177 0.0 40.604501671482225 0.1569 0 0 0 0 0 0 0 0 0 0 0 0
14846 0.22308 0.22308 0.0 40.23949409879512 0.1281 0 0 0 0 0 0 0 0 0 0 0 0
14984 0.18261 0.18261 0.0 39.54789480269797 0.1376 0 0 0 0 0 0 0 0 0 0 0 0
15132 0.15286 0.15286 0.0 39.25078506240301 0.10245 0 0 0 0 0 0 0 0 0 0 0 0
15171 0.13806 0.13806 0.0 38.94212137542121 0.10245 0 0 0 0 0 0 0 0 0 0 0 0
15201 0.2071 0.2071 0.0 39.734550236807 0.18575 0 0 0 0 0 0 0 0 0 0 0 0
15203 0.20291 0.20291 0.0 40.05433006412142 0.1209 0 0 0 0 0 0 0 0 0 0 0 0
15222 0.19777 0.19777 0.0 40.12720769963805 0.129 0 0 0 0 0 0 0 0 0 0 0 0
15229 0.2223 0.2223 0.0 39.9673170076375 0.1392 0 0 0 0 0 0 0 0 0 0 0 0
15356 0.27307 0.27307 0.0 40.74494669732604 0.14505 0 0 0 0 0 0 0 0 0 0 0 0
15365 0.18628 0.18628 0.0 39.66391050538379 0.11385 0 0 0 0 0 0 0 0 0 0 0 0
15425 0.15933 0.15933 0.0 39.316467384515406 0.1054 0 0 0 0 0 0 0 0 0 0 0 0
15433 0.21911 0.21911 0.0 40.052402915200794 0.1261 0 0 0 0 0 0 0 0 0 0 0 0
15453 0.17354 0.17354 0.0 39.45881439486442 0.1283 0 0 0 0 0 0 0 0 0 0 0 0
15466 0.2441 0.2441 0.0 40.39589709068481 0.1449 0 0 0 0 0 0 0 0 0 0 0 0
15508 0.13366 0.13366 0.0 38.872376971117646 0.101 0 0 0 0 0 0 0 0 0 0 0 0
15584 0.28313 0.28313 0.0 40.78917648499735 0.13595 0 0 0 0 0 0 0 0 0 0 0 0
15648 0.17365 0.17365 0.0 39.564268449827736 0.1373 0 0 0 0 0 0 0 0 0 0 0 0
15674 0.1963 0.1963 0.0 39.83033228354839 0.1369 0 0 0 0 0 0 0 0 0 0 0 0
15704 0.36924 0.36924 0.0 41.28606960725687 0.14325 0 0 0 0 0 0 0 0 0 0 0 0
15872 0.20562 0.20562 0.0 39.904424482355964 0.12095 0 0 0 0 0 0 0 0 0 0 0 0
15897 0.17371 0.17371 0.0 39.667655195140426 0.12665 0 0 0 0 0 0 0 0 0 0 0 0
16069 0.12672 0.12672 0.0 38.88724074163261 0.1097 0 0 0 0 0 0 0 0 0 0 0 0
16072 0.284 0.284 0.0 40.61192869917732 0.15145 0 0 0 0 0 0 0 0 0 0 0 0
16100 0.19358 0.19358 0.0 39.84320946202343 0.1361 0 0 0 0 0 0 0 0 0 0 0 0
16185 0.10036 0.10036 0.0 38.37789281182271 0.11145 0 0 0 0 0 0 0 0 0 0 0 0
16232 0.37386 0.37386 0.0 41.30502079291706 0.0854 0 0 0 0 0 0 0 0 0 0 0 0
16259 0.11787 0.11787 0.0 38.72626549494095 0.11365 0 0 0 0 0 0 0 0 0 0 0 0
16276 0.1919 0.1919 0.0 39.71584013204447 0.1404 0 0 0 0 0 0 0 0 0 0 0 0
16350 0.23657 0.23657 0.0 40.395985024043284 0.146 0 0 0 0 0 0 0 0 0 0 0 0
17171 0.15881 0.15881 0.0 39.26508428246882 0.1245 0 0 0 0 0 0 0 0 0 0 0 0
17186 0.07877 0.07877 0.0 37.53939028620687 0.11205 0 0 0 0 0 0 0 0 0 0 0 0
17208 0.13847 0.13847 0.0 38.821717741682434 0.13335 0 0 0 0 0 0 0 0 0 0 0 0
17223 0.23359 0.23359 0.0 40.289302749156604 0.1537 0 0 0 0 0 0 0 0 0 0 0 0
17253 0.1567 0.1567 0.0 39.368839196731265 0.15485 0 0 0 0 0 0 0 0 0 0 0 0
17258 0.08833 0.08833 0.0 37.89713464482091 0.11615 0 0 0 0 0 0 0 0 0 0 0 0
17280 0.12995 0.12995 0.0 38.96846759762219 0.12165 0 0 0 0 0 0 0 0 0 0 0 0
17332 0.18223 0.18223 0.0 39.4758983114052 0.12625 0 0 0 0 0 0 0 0 0 0 0 0
17340 0.25654 0.25654 0.0 40.500372712447906 0.14805 0 0 0 0 0 0 0 0 0 0 0 0
17435 0.21651 0.21651 0.0 39.93331606953529 0.13625 0 0 0 0 0 0 0 0 0 0 0 0
17605 0.14519 0.14519 0.0 39.0583553097577 0.1399 0 0 0 0 0 0 0 0 0 0 0 0
17629 0.13653 0.13653 0.0 39.011063424931955 0.1105 0 0 0 0 0 0 0 0 0 0 0 0
17801 0.20493 0.20493 0.0 39.83120473070924 0.1568 0 0 0 0 0 0 0 0 0 0 0 0
18091 0.36939 0.36939 0.0 41.357192941327376 0.1558 0 0 0 0 0 0 0 0 0 0 0 0
18415 0.12924 0.12924 0.0 38.98747795671248 0.10875 0 0 0 0 0 0 0 0 0 0 0 0
18463 0.26658 0.26658 0.0 40.51901984546523 0.14765 0 0 0 0 0 0 0 0 0 0 0 0
18485 0.27805 0.27805 0.0 40.8240573944622 0.13915 0 0 0 0 0 0 0 0 0 0 0 0
18604 0.17461 0.17461 0.0 39.435452414337405 0.1317 0 0 0 0 0 0 0 0 0 0 0 0
18612 0.11376 0.11376 0.0 38.63906534550979 0.10675 0 0 0 0 0 0 0 0 0 0 0 0
18650 0.11229 0.11229 0.0 38.70040172464758 0.1026 0 0 0 0 0 0 0 0 0 0 0 0
18740 0.15333 0.15333 0.0 39.01884075353306 0.10465 0 0 0 0 0 0 0 0 0 0 0 0
18768 0.1965 0.1965 0.0 39.75514974946166 0.13845 0 0 0 0 0 0 0 0 0 0 0 0
18787 0.18914 0.18914 0.0 39.84865912302827 0.12885 0 0 0 0 0 0 0 0 0 0 0 0
18807 0.17708 0.17708 0.0 39.591707682240994 0.1273 0 0 0 0 0 0 0 0 0 0 0 0
19008 0.21731 0.21731 0.0 40.15896444150462 0.13945 0 0 0 0 0 0 0 0 0 0 0 0
19101 0.18542 0.18542 0.0 39.64947340323641 0.1283 0 0 0 0 0 0 0 0 0 0 0 0
19174 0.16382 0.16382 0.0 39.44365975754657 0.11915 0 0 0 0 0 0 0 0 0 0 0 0
19207 0.2569 0.2569 0.0 40.48756387584912 0.16715 0 0 0 0 0 0 0 0 0 0 0 0
19543 0.1218 0.1218 0.0 38.89744381934108 0.13445 0 0 0 0 0 0 0 0 0 0 0 0
19616 0.16514 0.16514 0.0 39.4794240606019 0.10665 0 0 0 0 0 0 0 0 0 0 0 0
19658 0.1984 0.1984 0.0 39.9329672151511 0.1317 0 0 0 0 0 0 0 0 0 0 0 0
19702 0.26828 0.26828 0.0 40.55280963536496 0.16265 0 0 0 0 0 0 0 0 0 0 0 0
19757 0.40078 0.40078 0.0 41.558801466329626 0.1348 0 0 0 0 0 0 0 0 0 0 0 0
19940 0.14566 0.14566 0.0 39.10194264178757 0.12755 0 0 0 0 0 0 0 0 0 0 0 0
19968 0.05573 0.05573 0.0 37.004455367215314 0.10915 0 0 0 0 0 0 0 0 0 0 0 0
19992 0.22425 0.22425 0.0 40.11850207386382 0.15345 0 0 0 0 0 0 0 0 0 0 0 0
20040 0.28622 0.28622 0.0 40.82436649089512 0.15585 0 0 0 0 0 0 0 0 0 0 0 0
20048 0.18365 0.18365 0.0 39.99769675617281 0.14145 0 0 0 0 0 0 0 0 0 0 0 0
20064 0.1036 0.1036 0.0 38.459030983628274 0.10555 0 0 0 0 0 0 0 0 0 0 0 0
20106 0.33096 0.33096 0.0 41.07830812829794 0.19055 0 0 0 0 0 0 0 0 0 0 0 0
20144 0.2184 0.2184 0.0 40.289245820324645 0.1415 0 0 0 0 0 0 0 0 0 0 0 0
20345 0.26327 0.26327 0.0 40.51177296372426 0.1514 0 0 0 0 0 0 0 0 0 0 0 0
20430 0.16267 0.16267 0.0 39.15115145269017 0.1303 0 0 0 0 0 0 0 0 0 0 0 0
20625 0.10689 0.10689 0.0 38.33356194003114 0.10455 0 0 0 0 0 0 0 0 0 0 0 0
20764 0.16503 0.16503 0.0 39.23398527015749 0.11585 0 0 0 0 0 0 0 0 0 0 0 0
21034 0.10757 0.10757 0.0 38.415358521381435 0.10865 0 0 0 0 0 0 0 0 0 0 0 0
22075 0.12913 0.12913 0.0 38.878169262812655 0.1143 0 0 0 0 0 0 0 0 0 0 0 0
2001ah 0.05948 0.05948 0.0 37.319199465759844 0.12625 0 0 0 0 0 0 0 0 0 0 0 0
2001az 0.04093 0.04093 0.0 36.31044251337169 0.11665 0 0 0 0 0 0 0 0 0 0 0 0
2001da 0.01705 0.01705 0.0 34.29961800361122 0.1832 0 0 0 0 0 0 0 0 0 0 0 0
2001en 0.01531 0.01531 0.0 34.23751199785127 0.1613 0 0 0 0 0 0 0 0 0 0 0 0
2001fe 0.01472 0.01472 0.0 33.68804752363421 0.14905 0 0 0 0 0 0 0 0 0 0 0 0
2001gb 0.02673 0.02673 0.0 35.36684883264302 0.16165 0 0 0 0 0 0 0 0 0 0 0 0
2001G 0.01732 0.01732 0.0 34.496564886682194 0.1587 0 0 0 0 0 0 0 0 0 0 0 0
2001ic 0.04437 0.04437 0.0 36.15911638292208 0.19805 0 0 0 0 0 0 0 0 0 0 0 0
2001V 0.01567 0.01567 0.0 34.33086573034422 0.15405 0 0 0 0 0 0 0 0 0 0 0 0
2002bf 0.02477 0.02477 0.0 35.21900197061056 0.1718 0 0 0 0 0 0 0 0 0 0 0 0
2002bz 0.038 0.038 0.0 36.05249684153403 0.13185 0 0 0 0 0 0 0 0 0 0 0 0
2002ck 0.0299 0.0299 0.0 35.654067609265304 0.123 0 0 0 0 0 0 0 0 0 0 0 0
2002cr 0.01012 0.01012 0.0 33.648090994381896 0.19825 0 0 0 0 0 0 0 0 0 0 0 0
2002de 0.0258 0.0258 0.0 35.275681508858625 0.1376 0 0 0 0 0 0 0 0 0 0 0 0
2002dp 0.01038 0.01038 0.0 33.30418881297267 0.2048 0 0 0 0 0 0 0 0 0 0 0 0
2002eu 0.03791 0.03791 0.0 36.01006962752565 0.2001 0 0 0 0 0 0 0 0 0 0 0 0
2002G 0.03507 0.03507 0.0 35.78659394122892 0.16785 0 0 0 0 0 0 0 0 0 0 0 0
2002ha 0.01268 0.01268 0.0 33.83297993078674 0.171 0 0 0 0 0 0 0 0 0 0 0 0
2002he 0.02525 0.02525 0.0 35.089333410409225 0.13295 0 0 0 0 0 0 0 0 0 0 0 0
2002kf 0.01908 0.01908 0.0 34.5967869383795 0.14115 0 0 0 0 0 0 0 0 0 0 0 0
2003ae 0.03489 0.03489 0.0 35.838208721759415 0.1667 0 0 0 0 0 0 0 0 0 0 0 0
2003ch 0.0295 0.0295 0.0 35.607469374887245 0.12735 0 0 0 0 0 0 0 0 0 0 0 0
2003cq 0.03416 0.03416 0.0 35.92312831282542 0.1563 0 0 0 0 0 0 0 0 0 0 0 0
2003fa 0.04067 0.04067 0.0 36.37506579577355 0.1127 0 0 0 0 0 0 0 0 0 0 0 0
2003hu 0.07515 0.07515 0.0 37.57132124563836 0.1248 0 0 0 0 0 0 0 0 0 0 0 0
2003ic 0.05581 0.05581 0.0 36.93146293613764 0.12285 0 0 0 0 0 0 0 0 0 0 0 0
2003it 0.02529 0.02529 0.0 35.06912272416801 0.1405 0 0 0 0 0 0 0 0 0 0 0 0
2003iv 0.03501 0.03501 0.0 35.86997466094628 0.12485 0 0 0 0 0 0 0 0 0 0 0 0
2003U 0.02846 0.02846 0.0 35.517764407799916 0.13405 0 0 0 0 0 0 0 0 0 0 0 0
2004as 0.0328 0.0328 0.0 35.875813500541305 0.12525 0 0 0 0 0 0 0 0 0 0 0 0
2004L 0.03378 0.03378 0.0 35.71681557264852 0.1403 0 0 0 0 0 0 0 0 0 0 0 0
2005hc 0.04597 0.04597 0.0 36.62005482744404 0.1025 0 0 0 0 0 0 0 0 0 0 0 0
2005hf 0.04341 0.04341 0.0 36.567120708747815 0.1209 0 0 0 0 0 0 0 0 0 0 0 0
2005hj 0.05684 0.05684 0.0 37.055366586471216 0.1203 0 0 0 0 0 0 0 0 0 0 0 0
2005ki 0.02024 0.02024 0.0 34.955372772547285 0.12735 0 0 0 0 0 0 0 0 0 0 0 0
2005lu 0.03191 0.03191 0.0 35.62126349039599 0.12775 0 0 0 0 0 0 0 0 0 0 0 0
2005lz 0.0415 0.0415 0.0 36.14636709607534 0.1259 0 0 0 0 0 0 0 0 0 0 0 0
2005mc 0.02639 0.02639 0.0 35.0516791385198 0.1399 0 0 0 0 0 0 0 0 0 0 0 0
2005ms 0.02651 0.02651 0.0 35.49723606227434 0.1248 0 0 0 0 0 0 0 0 0 0 0 0
2005na 0.02689 0.02689 0.0 35.42437888594652 0.126 0 0 0 0 0 0 0 0 0 0 0 0
2006ac 0.02349 0.02349 0.0 35.036529211897744 0.1338 0 0 0 0 0 0 0 0 0 0 0 0
2006ah 0.05067 0.05067 0.0 36.79252594156061 0.158 0 0 0 0 0 0 0 0 0 0 0 0
2006ak 0.04093 0.04093 0.0 36.1263305057875 0.1297 0 0 0 0 0 0 0 0 0 0 0 0
2006al 0.06877 0.06877 0.0 37.70473914753067 0.11055 0 0 0 0 0 0 0 0 0 0 0 0
2006ax 0.01754 0.01754 0.0 34.41925389590335 0.1341 0 0 0 0 0 0 0 0 0 0 0 0
2006bb 0.02557 0.02557 0.0 35.24727818514403 0.1496 0 0 0 0 0 0 0 0 0 0 0 0
2006bq 0.02189 0.02189 0.0 34.988922188007855 0.1381 0 0 0 0 0 0 0 0 0 0 0 0
2006bw 0.03155 0.03155 0.0 35.76290671015782 0.14115 0 0 0 0 0 0 0 0 0 0 0 0
2006cj 0.06845 0.06845 0.0 37.4517736906905 0.1248 0 0 0 0 0 0 0 0 0 0 0 0
2006cp 0.02249 0.02249 0.0 34.83824002541416 0.1391 0 0 0 0 0 0 0 0 0 0 0 0
2006cq 0.04949 0.04949 0.0 36.75476817888833 0.12545 0 0 0 0 0 0 0 0 0 0 0 0
2006en 0.03161 0.03161 0.0 35.9368211216606 0.12625 0 0 0 0 0 0 0 0 0 0 0 0
2006gr 0.03434 0.03434 0.0 36.05066430478954 0.1249 0 0 0 0 0 0 0 0 0 0 0 0
2006gt 0.04486 0.04486 0.0 36.71213797938584 0.14795 0 0 0 0 0 0 0 0 0 0 0 0
2006hb 0.01531 0.01531 0.0 34.025717365382974 0.1526 0 0 0 0 0 0 0 0 0 0 0 0
2006is 0.03048 0.03048 0.0 35.48590052334797 0.1342 0 0 0 0 0 0 0 0 0 0 0 0
2006je 0.03837 0.03837 0.0 36.10794529773244 0.16555 0 0 0 0 0 0 0 0 0 0 0 0
2006mo 0.03682 0.03682 0.0 36.044287141897236 0.12655 0 0 0 0 0 0 0 0 0 0 0 0
2006mp 0.0221 0.0221 0.0 35.0595499122649 0.13695 0 0 0 0 0 0 0 0 0 0 0 0
2006N 0.01402 0.01402 0.0 33.63680389747569 0.16195 0 0 0 0 0 0 0 0 0 0 0 0
2006oa 0.0589 0.0589 0.0 37.25983129491094 0.11395 0 0 0 0 0 0 0 0 0 0 0 0
2006ob 0.05895 0.05895 0.0 37.071572824982056 0.10045 0 0 0 0 0 0 0 0 0 0 0 0
2006on 0.06888 0.06888 0.0 37.37348907696021 0.15105 0 0 0 0 0 0 0 0 0 0 0 0
2006or 0.0204 0.0204 0.0 34.575781924064316 0.156 0 0 0 0 0 0 0 0 0 0 0 0
2006qo 0.02894 0.02894 0.0 35.286348797479135 0.1316 0 0 0 0 0 0 0 0 0 0 0 0
2006sr 0.02384 0.02384 0.0 35.18643186998895 0.1335 0 0 0 0 0 0 0 0 0 0 0 0
2006td 0.01451 0.01451 0.0 33.998431157892355 0.16765 0 0 0 0 0 0 0 0 0 0 0 0
2006te 0.03292 0.03292 0.0 35.636225265669 0.1185 0 0 0 0 0 0 0 0 0 0 0 0
2007ae 0.06455 0.06455 0.0 37.14443646411824 0.1136 0 0 0 0 0 0 0 0 0 0 0 0
2007ap 0.01663 0.01663 0.0 34.2345943109456 0.15025 0 0 0 0 0 0 0 0 0 0 0 0
2007ar 0.05359 0.05359 0.0 37.113835328817366 0.1439 0 0 0 0 0 0 0 0 0 0 0 0
2007bd 0.03163 0.03163 0.0 35.6696066917012 0.11945 0 0 0 0 0 0 0 0 0 0 0 0
2007co 0.02751 0.02751 0.0 35.198177158641656 0.1291 0 0 0 0 0 0 0 0 0 0 0 0
2007cq 0.02559 0.02559 0.0 35.201697472457084 0.1259 0 0 0 0 0 0 0 0 0 0 0 0
2007F 0.02401 0.02401 0.0 35.057730944975354 0.12635 0 0 0 0 0 0 0 0 0 0 0 0
2007O 0.03713 0.03713 0.0 35.73841646294285 0.1177 0 0 0 0 0 0 0 0 0 0 0 0
2008af 0.03408 0.03408 0.0 35.859019876774035 0.12455 0 0 0 0 0 0 0 0 0 0 0 0
2008bf 0.02454 0.02454 0.0 35.11077823579077 0.1278 0 0 0 0 0 0 0 0 0 0 0 0
2008L 0.01697 0.01697 0.0 34.43602885223795 0.1531 0 0 0 0 0 0 0 0 0 0 0 0
2007A 0.01629 0.01629 0.0 34.51921398282345 0.15115 0 0 0 0 0 0 0 0 0 0 0 0
2007aj 0.03184 0.03184 0.0 35.851851823218674 0.12125 0 0 0 0 0 0 0 0 0 0 0 0
2007cb 0.037 0.037 0.0 36.01384048282186 0.12725 0 0 0 0 0 0 0 0 0 0 0 0
2007cc 0.02932 0.02932 0.0 35.37172693018122 0.1457 0 0 0 0 0 0 0 0 0 0 0 0
2007fb 0.0174 0.0174 0.0 34.766484138427266 0.1485 0 0 0 0 0 0 0 0 0 0 0 0
2007hu 0.03578 0.03578 0.0 35.98410674728001 0.1761 0 0 0 0 0 0 0 0 0 0 0 0
2007is 0.02845 0.02845 0.0 35.468311135337366 0.1364 0 0 0 0 0 0 0 0 0 0 0 0
2007kh 0.05035 0.05035 0.0 36.73018597742808 0.16335 0 0 0 0 0 0 0 0 0 0 0 0
2007kk 0.04269 0.04269 0.0 36.38916009671223 0.117 0 0 0 0 0 0 0 0 0 0 0 0
2007ob 0.03212 0.03212 0.0 35.71397227803053 0.1431 0 0 0 0 0 0 0 0 0 0 0 0
2007su 0.02752 0.02752 0.0 35.311259573421594 0.14255 0 0 0 0 0 0 0 0 0 0 0 0
2007ux 0.03049 0.03049 0.0 35.54183146285799 0.1419 0 0 0 0 0 0 0 0 0 0 0 0
2008C 0.01724 0.01724 0.0 34.35897420873939 0.1556 0 0 0 0 0 0 0 0 0 0 0 0
2008Y 0.07063 0.07063 0.0 37.42785059945043 0.1229 0 0 0 0 0 0 0 0 0 0 0 0
2008ac 0.05344 0.05344 0.0 36.76773051063324 0.1398 0 0 0 0 0 0 0 0 0 0 0 0
2008ar 0.02878 0.02878 0.0 35.50481837259769 0.12155 0 0 0 0 0 0 0 0 0 0 0 0
2008at 0.03518 0.03518 0.0 35.897336717321835 0.15235 0 0 0 0 0 0 0 0 0 0 0 0
2008bw 0.03348 0.03348 0.0 36.05557038456568 0.15235 0 0 0 0 0 0 0 0 0 0 0 0
2008by 0.04651 0.04651 0.0 36.24879350179038 0.11625 0 0 0 0 0 0 0 0 0 0 0 0
2008bz 0.06119 0.06119 0.0 37.30119624139534 0.11905 0 0 0 0 0 0 0 0 0 0 0 0
2008cf 0.04714 0.04714 0.0 36.740444138481884 0.12315 0 0 0 0 0 0 0 0 0 0 0 0
2008ds 0.0212 0.0212 0.0 34.52029746414056 0.1437 0 0 0 0 0 0 0 0 0 0 0 0
2008fr 0.04028 0.04028 0.0 36.1978674115337 0.11335 0 0 0 0 0 0 0 0 0 0 0 0
2008gb 0.03863 0.03863 0.0 36.096409377259626 0.1275 0 0 0 0 0 0 0 0 0 0 0 0
2008gl 0.03314 0.03314 0.0 35.63190566624716 0.12215 0 0 0 0 0 0 0 0 0 0 0 0
2009D 0.02414 0.02414 0.0 35.003668264916904 0.1291 0 0 0 0 0 0 0 0 0 0 0 0
2009ad 0.02837 0.02837 0.0 35.32520223339371 0.12155 0 0 0 0 0 0 0 0 0 0 0 0
2009an 0.01043 0.01043 0.0 33.614921327103474 0.20035 0 0 0 0 0 0 0 0 0 0 0 0
2009ds 0.02038 0.02038 0.0 34.86424011399681 0.14185 0 0 0 0 0 0 0 0 0 0 0 0
2008050 0.0471 0.0471 0.0 36.769024814044975 0.14465 0 0 0 0 0 0 0 0 0 0 0 0
2008051 0.03984 0.03984 0.0 36.2949991972831 0.1146 0 0 0 0 0 0 0 0 0 0 0 0
2009kk 0.0122 0.0122 0.0 33.410447325139415 0.1737 0 0 0 0 0 0 0 0 0 0 0 0
2009kq 0.01271 0.01271 0.0 33.60442487330682 0.1749 0 0 0 0 0 0 0 0 0 0 0 0
2009le 0.01763 0.01763 0.0 34.48959716130275 0.1562 0 0 0 0 0 0 0 0 0 0 0 0
2009na 0.02171 0.02171 0.0 34.70413652162552 0.13615 0 0 0 0 0 0 0 0 0 0 0 0
2009nq 0.01572 0.01572 0.0 34.29990415638689 0.1939 0 0 0 0 0 0 0 0 0 0 0 0
2010A 0.01972 0.01972 0.0 34.621229739161066 0.15785 0 0 0 0 0 0 0 0 0 0 0 0
2010H 0.01678 0.01678 0.0 34.2450509475096 0.15925 0 0 0 0 0 0 0 0 0 0 0 0
2010Y 0.01226 0.01226 0.0 33.7435978405882 0.17765 0 0 0 0 0 0 0 0 0 0 0 0
2010dt 0.05322 0.05322 0.0 36.91503730357362 0.12805 0 0 0 0 0 0 0 0 0 0 0 0
PTF10bjs 0.03055 0.03055 0.0 35.46103578679396 0.45085 0 0 0 0 0 0 0 0 0 0 0 0
2004ef 0.03001 0.03001 0.0 35.72376137930461 0.12025 0 0 0 0 0 0 0 0 0 0 0 0
2004eo 0.01506 0.01506 0.0 33.90067932682607 0.15445 0 0 0 0 0 0 0 0 0 0 0 0
2004ey 0.0153 0.0153 0.0 34.19197717498421 0.1456 0 0 0 0 0 0 0 0 0 0 0 0
2004gu 0.04713 0.04713 0.0 36.65478125430229 0.1151 0 0 0 0 0 0 0 0 0 0 0 0
2005be 0.03411 0.03411 0.0 35.832195755011995 0.1148 0 0 0 0 0 0 0 0 0 0 0 0
2005bo 0.0152 0.0152 0.0 34.141249202901896 0.1635 0 0 0 0 0 0 0 0 0 0 0 0
2005el 0.01504 0.01504 0.0 33.87819658420353 0.1491 0 0 0 0 0 0 0 0 0 0 0 0
2005eq 0.02763 0.02763 0.0 35.51078295725963 0.1179 0 0 0 0 0 0 0 0 0 0 0 0
2005iq 0.03359 0.03359 0.0 35.81408374380214 0.1061 0 0 0 0 0 0 0 0 0 0 0 0
2005kc 0.01447 0.01447 0.0 33.893555648645815 0.16555 0 0 0 0 0 0 0 0 0 0 0 0
2005M 0.02547 0.02547 0.0 35.3525606920816 0.1242 0 0 0 0 0 0 0 0 0 0 0 0
2006bh 0.01082 0.01082 0.0 33.21416668022648 0.18445 0 0 0 0 0 0 0 0 0 0 0 0
2006ef 0.01741 0.01741 0.0 34.17461342211427 0.1498 0 0 0 0 0 0 0 0 0 0 0 0
2006ej 0.02031 0.02031 0.0 34.513339453035336 0.1353 0 0 0 0 0 0 0 0 0 0 0 0
2006eq 0.04819 0.04819 0.0 36.70994587786205 0.12175 0 0 0 0 0 0 0 0 0 0 0 0
2006et 0.02223 0.02223 0.0 34.75352522943945 0.13205 0 0 0 0 0 0 0 0 0 0 0 0
2006ev 0.02811 0.02811 0.0 35.65894900022577 0.12485 0 0 0 0 0 0 0 0 0 0 0 0
2006lu 0.05458 0.05458 0.0 36.70272655050636 0.1018 0 0 0 0 0 0 0 0 0 0 0 0
2006py 0.05721 0.05721 0.0 37.20577988525072 0.1094 0 0 0 0 0 0 0 0 0 0 0 0
2007bc 0.02091 0.02091 0.0 34.81682297696752 0.1368 0 0 0 0 0 0 0 0 0 0 0 0
2007ca 0.01454 0.01454 0.0 33.97464809059075 0.1656 0 0 0 0 0 0 0 0 0 0 0 0
2007nq 0.0431 0.0431 0.0 36.32904011434483 0.10685 0 0 0 0 0 0 0 0 0 0 0 0
2008bq 0.03273 0.03273 0.0 35.82436693723751 0.1205 0 0 0 0 0 0 0 0 0 0 0 0
2008gp 0.03399 0.03399 0.0 35.85574470300072 0.11105 0 0 0 0 0 0 0 0 0 0 0 0
2008hv 0.01382 0.01382 0.0 34.04917880212285 0.15385 0 0 0 0 0 0 0 0 0 0 0 0
1993ac 0.05092 0.05092 0.0 36.77327765807829 0.1224 0 0 0 0 0 0 0 0 0 0 0 0
1993ae 0.01752 0.01752 0.0 34.421440905465424 0.1465 0 0 0 0 0 0 0 0 0 0 0 0
1994M 0.02482 0.02482 0.0 35.11625910779758 0.13485 0 0 0 0 0 0 0 0 0 0 0 0
1994Q 0.0288 0.0288 0.0 35.48566875264572 0.13605 0 0 0 0 0 0 0 0 0 0 0 0
1994S 0.01568 0.01568 0.0 34.20300862230549 0.1525 0 0 0 0 0 0 0 0 0 0 0 0
1995ak 0.02197 0.02197 0.0 34.651139502217504 0.1436 0 0 0 0 0 0 0 0 0 0 0 0
1996bl 0.03426 0.03426 0.0 35.71533415604414 0.12025 0 0 0 0 0 0 0 0 0 0 0 0
1996bv 0.01698 0.01698 0.0 34.44653252920919 0.1558 0 0 0 0 0 0 0 0 0 0 0 0
1996C 0.02752 0.02752 0.0 35.41594814775533 0.1341 0 0 0 0 0 0 0 0 0 0 0 0
1997dg 0.03438 0.03438 0.0 35.86292967649426 0.12105 0 0 0 0 0 0 0 0 0 0 0 0
1997E 0.01318 0.01318 0.0 33.778817398551524 0.17285 0 0 0 0 0 0 0 0 0 0 0 0
1997Y 0.01726 0.01726 0.0 34.41913407139981 0.1511 0 0 0 0 0 0 0 0 0 0 0 0
1998dk 0.01209 0.01209 0.0 33.48344114536002 0.1914 0 0 0 0 0 0 0 0 0 0 0 0
1998dx 0.05418 0.05418 0.0 36.80957739636711 0.11385 0 0 0 0 0 0 0 0 0 0 0 0
1998ec 0.0197 0.0197 0.0 34.68783991223245 0.1578 0 0 0 0 0 0 0 0 0 0 0 0
1998ef 0.01662 0.01662 0.0 34.139856984404055 0.14705 0 0 0 0 0 0 0 0 0 0 0 0
1998eg 0.02398 0.02398 0.0 35.144651774050885 0.13525 0 0 0 0 0 0 0 0 0 0 0 0
1999cc 0.03144 0.03144 0.0 35.48169885882213 0.12075 0 0 0 0 0 0 0 0 0 0 0 0
1999dq 0.01291 0.01291 0.0 33.90693318403707 0.1716 0 0 0 0 0 0 0 0 0 0 0 0
1999ef 0.03827 0.03827 0.0 36.1797330279189 0.1201 0 0 0 0 0 0 0 0 0 0 0 0
1999ej 0.01532 0.01532 0.0 34.14716155598246 0.16405 0 0 0 0 0 0 0 0 0 0 0 0
1999X 0.02643 0.02643 0.0 35.44389641409395 0.1425 0 0 0 0 0 0 0 0 0 0 0 0
2000B 0.0202 0.0202 0.0 34.964584055838024 0.15165 0 0 0 0 0 0 0 0 0 0 0 0
2000cf 0.0373 0.0373 0.0 36.182681491502024 0.11505 0 0 0 0 0 0 0 0 0 0 0 0
2000cn 0.02348 0.02348 0.0 34.78723931514888 0.13895 0 0 0 0 0 0 0 0 0 0 0 0
2000dk 0.01635 0.01635 0.0 34.05356654165589 0.1518 0 0 0 0 0 0 0 0 0 0 0 0
2000fa 0.02275 0.02275 0.0 34.88836227172627 0.13625 0 0 0 0 0 0 0 0 0 0 0 0
000006 0.23027 0.23027 0.0 40.251031548781434 0.14645 0 0 0 0 0 0 0 0 0 0 0 0
000011 0.38164 0.38164 0.0 41.572781248938576 0.14085 0 0 0 0 0 0 0 0 0 0 0 0
000034 0.2534 0.2534 0.0 40.39844572512657 0.11245 0 0 0 0 0 0 0 0 0 0 0 0
000091 0.15269 0.15269 0.0 39.28930809697649 0.11585 0 0 0 0 0 0 0 0 0 0 0 0
000142 0.43673 0.43673 0.0 41.7377668321224 0.14185 0 0 0 0 0 0 0 0 0 0 0 0
000190 0.10242 0.10242 0.0 38.27491562530195 0.1077 0 0 0 0 0 0 0 0 0 0 0 0
000199 0.37164 0.37164 0.0 41.28275169508525 0.10645 0 0 0 0 0 0 0 0 0 0 0 0
000215 0.46664 0.46664 0.0 41.90873327176003 0.11645 0 0 0 0 0 0 0 0 0 0 0 0
000236 0.19602 0.19602 0.0 39.71229692180438 0.109 0 0 0 0 0 0 0 0 0 0 0 0
000420 0.31156 0.31156 0.0 40.883941357782014 0.10825 0 0 0 0 0 0 0 0 0 0 0 0
010026 0.0322 0.0322 0.0 35.87594978258503 0.1289 0 0 0 0 0 0 0 0 0 0 0 0
020027 0.10989 0.10989 0.0 38.38795363851272 0.12085 0 0 0 0 0 0 0 0 0 0 0 0
020096 0.22562 0.22562 0.0 40.52490248664949 0.12425 0 0 0 0 0 0 0 0 0 0 0 0
020176 0.26051 0.26051 0.0 40.60824106824256 0.12265 0 0 0 0 0 0 0 0 0 0 0 0
030066 0.22556 0.22556 0.0 40.21988363729297 0.1228 0 0 0 0 0 0 0 0 0 0 0 0
040137 0.44758 0.44758 0.0 41.77743182652849 0.1524 0 0 0 0 0 0 0 0 0 0 0 0
040166 0.44007 0.44007 0.0 41.98308814690863 0.16925 0 0 0 0 0 0 0 0 0 0 0 0
040782 0.33742 0.33742 0.0 41.10482507104468 0.14605 0 0 0 0 0 0 0 0 0 0 0 0
050005 0.52851 0.52851 0.0 42.35903344945506 0.14315 0 0 0 0 0 0 0 0 0 0 0 0
050203 0.57613 0.57613 0.0 42.941169069562484 0.14515 0 0 0 0 0 0 0 0 0 0 0 0
050251 0.38775 0.38775 0.0 41.52500264096885 0.15885 0 0 0 0 0 0 0 0 0 0 0 0
050293 0.36001 0.36001 0.0 41.5054798119056 0.1335 0 0 0 0 0 0 0 0 0 0 0 0
050301 0.34701 0.34701 0.0 41.160564225284844 0.14045 0 0 0 0 0 0 0 0 0 0 0 0
050607 0.43927 0.43927 0.0 41.85524952279726 0.132 0 0 0 0 0 0 0 0 0 0 0 0
070955 0.34923 0.34923 0.0 41.48034914547286 0.11575 0 0 0 0 0 0 0 0 0 0 0 0
080723 0.43015 0.43015 0.0 41.7271713394707 0.12545 0 0 0 0 0 0 0 0 0 0 0 0
090201 0.50818 0.50818 0.0 42.49478919303108 0.14135 0 0 0 0 0 0 0 0 0 0 0 0
091869 0.28845 0.28845 0.0 40.887275334475824 0.1256 0 0 0 0 0 0 0 0 0 0 0 0
100090 0.17281 0.17281 0.0 39.486105265684344 0.1308 0 0 0 0 0 0 0 0 0 0 0 0
100163 0.31774 0.31774 0.0 41.134722495519306 0.1521 0 0 0 0 0 0 0 0 0 0 0 0
100213 0.27509 0.27509 0.0 40.81582637355696 0.1382 0 0 0 0 0 0 0 0 0 0 0 0
100405 0.10293 0.10293 0.0 38.4288196004009 0.12325 0 0 0 0 0 0 0 0 0 0 0 0
110033 0.20584 0.20584 0.0 39.72920603037824 0.15765 0 0 0 0 0 0 0 0 0 0 0 0
110478 0.2646 0.2646 0.0 40.48491060006609 0.1389 0 0 0 0 0 0 0 0 0 0 0 0
110536 0.23466 0.23466 0.0 40.244696616925395 0.19515 0 0 0 0 0 0 0 0 0 0 0 0
110567 0.21434 0.21434 0.0 40.06113655092486 0.17345 0 0 0 0 0 0 0 0 0 0 0 0
110719 0.42784 0.42784 0.0 41.89789085521663 0.17065 0 0 0 0 0 0 0 0 0 0 0 0
110734 0.40214 0.40214 0.0 41.659661764199335 0.149 0 0 0 0 0 0 0 0 0 0 0 0
120085 0.32218 0.32218 0.0 40.885893996614826 0.14025 0 0 0 0 0 0 0 0 0 0 0 0
120094 0.45173 0.45173 0.0 41.97949715004417 0.12465 0 0 0 0 0 0 0 0 0 0 0 0
120336 0.16139 0.16139 0.0 39.471449068445494 0.12015 0 0 0 0 0 0 0 0 0 0 0 0
120400 0.35161 0.35161 0.0 41.357311709962744 0.1158 0 0 0 0 0 0 0 0 0 0 0 0
120585 0.249 0.249 0.0 40.56250821291797 0.11585 0 0 0 0 0 0 0 0 0 0 0 0
130308 0.08223 0.08223 0.0 37.94124783871474 0.1223 0 0 0 0 0 0 0 0 0 0 0 0
130514 0.10588 0.10588 0.0 38.463105769035074 0.10015 0 0 0 0 0 0 0 0 0 0 0 0
130862 0.33293 0.33293 0.0 41.1452148505164 0.14375 0 0 0 0 0 0 0 0 0 0 0 0
140181 0.10227 0.10227 0.0 38.15370900006436 0.1106 0 0 0 0 0 0 0 0 0 0 0 0
150509 0.29282 0.29282 0.0 40.8936159605582 0.1351 0 0 0 0 0 0 0 0 0 0 0 0
151034 0.13269 0.13269 0.0 38.95998322254979 0.0994 0 0 0 0 0 0 0 0 0 0 0 0
160039 0.27088 0.27088 0.0 40.676082039427286 0.12 0 0 0 0 0 0 0 0 0 0 0 0
160099 0.10044 0.10044 0.0 38.15636587398089 0.10935 0 0 0 0 0 0 0 0 0 0 0 0
160197 0.35363 0.35363 0.0 41.14957977557281 0.14555 0 0 0 0 0 0 0 0 0 0 0 0
160200 0.42353 0.42353 0.0 42.04556191774919 0.2655 0 0 0 0 0 0 0 0 0 0 0 0
170428 0.30012 0.30012 0.0 40.89187682657284 0.11935 0 0 0 0 0 0 0 0 0 0 0 0
180166 0.14761 0.14761 0.0 39.26572599642489 0.11365 0 0 0 0 0 0 0 0 0 0 0 0
180561 0.22853 0.22853 0.0 40.23249181698654 0.12895 0 0 0 0 0 0 0 0 0 0 0 0
190230 0.1388 0.1388 0.0 39.0474978423405 0.1072 0 0 0 0 0 0 0 0 0 0 0 0
190260 0.14343 0.14343 0.0 39.222476555525354 0.10815 0 0 0 0 0 0 0 0 0 0 0 0
300105 0.09201 0.09201 0.0 38.036546087270146 0.1139 0 0 0 0 0 0 0 0 0 0 0 0
310025 0.1568 0.1568 0.0 39.34218078597494 0.12545 0 0 0 0 0 0 0 0 0 0 0 0
310042 0.23851 0.23851 0.0 40.218288024001616 0.2471 0 0 0 0 0 0 0 0 0 0 0 0
310073 0.14949 0.14949 0.0 39.14549819555078 0.16675 0 0 0 0 0 0 0 0 0 0 0 0
310091 0.50718 0.50718 0.0 42.190032747718114 0.1404 0 0 0 0 0 0 0 0 0 0 0 0
310161 0.25249 0.25249 0.0 40.496425413434906 0.11325 0 0 0 0 0 0 0 0 0 0 0 0
310238 0.28397 0.28397 0.0 40.70485411104218 0.1146 0 0 0 0 0 0 0 0 0 0 0 0
310574 0.2368 0.2368 0.0 40.470876712995505 0.1241 0 0 0 0 0 0 0 0 0 0 0 0
320258 0.34092 0.34092 0.0 41.08195795385251 0.1485 0 0 0 0 0 0 0 0 0 0 0 0
330022 0.26388 0.26388 0.0 40.552730503260335 0.1418 0 0 0 0 0 0 0 0 0 0 0 0
330089 0.34872 0.34872 0.0 41.21314892724469 0.13315 0 0 0 0 0 0 0 0 0 0 0 0
330128 0.32095 0.32095 0.0 41.24377116356952 0.1245 0 0 0 0 0 0 0 0 0 0 0 0
330146 0.13523 0.13523 0.0 39.007417314445384 0.1216 0 0 0 0 0 0 0 0 0 0 0 0
340334 0.30666 0.30666 0.0 41.11801889654071 0.1627 0 0 0 0 0 0 0 0 0 0 0 0
350047 0.23362 0.23362 0.0 40.04468249439001 0.1599 0 0 0 0 0 0 0 0 0 0 0 0
350078 0.30078 0.30078 0.0 40.94755384240206 0.1704 0 0 0 0 0 0 0 0 0 0 0 0
350083 0.36783 0.36783 0.0 41.516215866457024 0.12345 0 0 0 0 0 0 0 0 0 0 0 0
350233 0.1694 0.1694 0.0 39.52190521241462 0.1144 0 0 0 0 0 0 0 0 0 0 0 0
350316 0.07976 0.07976 0.0 37.879880400410855 0.10315 0 0 0 0 0 0 0 0 0 0 0 0
350548 0.1806 0.1806 0.0 39.605228854813646 0.1142 0 0 0 0 0 0 0 0 0 0 0 0
360112 0.18071 0.18071 0.0 39.89723573131702 0.16425 0 0 0 0 0 0 0 0 0 0 0 0
360140 0.23086 0.23086 0.0 40.6068662741674 0.15375 0 0 0 0 0 0 0 0 0 0 0 0
360156 0.04582 0.04582 0.0 36.478530749830696 0.1243 0 0 0 0 0 0 0 0 0 0 0 0
370098 0.22146 0.22146 0.0 40.0995274079377 0.1197 0 0 0 0 0 0 0 0 0 0 0 0
370308 0.20073 0.20073 0.0 40.22378302769832 0.21145 0 0 0 0 0 0 0 0 0 0 0 0
370333 0.0755 0.0755 0.0 37.834492326429 0.11965 0 0 0 0 0 0 0 0 0 0 0 0
370356 0.02627 0.02627 0.0 35.21925601822249 0.1362 0 0 0 0 0 0 0 0 0 0 0 0
370369 0.19141 0.19141 0.0 39.73757693938729 0.15515 0 0 0 0 0 0 0 0 0 0 0 0
370428 0.1777 0.1777 0.0 39.59475657680848 0.11035 0 0 0 0 0 0 0 0 0 0 0 0
370563 0.18542 0.18542 0.0 39.56979843795214 0.1169 0 0 0 0 0 0 0 0 0 0 0 0
380279 0.34931 0.34931 0.0 41.14913586409476 0.13805 0 0 0 0 0 0 0 0 0 0 0 0
380378 0.27131 0.27131 0.0 40.53909421687744 0.10785 0 0 0 0 0 0 0 0 0 0 0 0
390264 0.29212 0.29212 0.0 40.735518860429984 0.1226 0 0 0 0 0 0 0 0 0 0 0 0
390471 0.37051 0.37051 0.0 41.420829621783575 0.11375 0 0 0 0 0 0 0 0 0 0 0 0
420100 0.09641 0.09641 0.0 38.236794502351714 0.14795 0 0 0 0 0 0 0 0 0 0 0 0
420159 0.18058 0.18058 0.0 39.83723088248142 0.1117 0 0 0 0 0 0 0 0 0 0 0 0
420258 0.27446 0.27446 0.0 40.5235285470914 0.1525 0 0 0 0 0 0 0 0 0 0 0 0
420407 0.2451 0.2451 0.0 40.540663179352286 0.1441 0 0 0 0 0 0 0 0 0 0 0 0
420417 0.36135 0.36135 0.0 41.317869802269215 0.2036 0 0 0 0 0 0 0 0 0 0 0 0
430004 0.23152 0.23152 0.0 40.25291469486671 0.1499 0 0 0 0 0 0 0 0 0 0 0 0
440008 0.14648 0.14648 0.0 39.245136284135896 0.11095 0 0 0 0 0 0 0 0 0 0 0 0
440042 0.15948 0.15948 0.0 39.170744142651216 0.1775 0 0 0 0 0 0 0 0 0 0 0 0
440162 0.41929 0.41929 0.0 41.797115183843616 0.14905 0 0 0 0 0 0 0 0 0 0 0 0
440509 0.31894 0.31894 0.0 41.07401379407783 0.15665 0 0 0 0 0 0 0 0 0 0 0 0
450175 0.51941 0.51941 0.0 42.39246754836203 0.19605 0 0 0 0 0 0 0 0 0 0 0 0
460003 0.15069 0.15069 0.0 39.2685198043719 0.11 0 0 0 0 0 0 0 0 0 0 0 0
460037 0.30249 0.30249 0.0 41.30467193163227 0.15825 0 0 0 0 0 0 0 0 0 0 0 0
460105 0.21073 0.21073 0.0 39.92966154056827 0.1623 0 0 0 0 0 0 0 0 0 0 0 0
470008 0.23943 0.23943 0.0 40.26339138708866 0.1478 0 0 0 0 0 0 0 0 0 0 0 0
470041 0.3318 0.3318 0.0 41.07197381116911 0.12005 0 0 0 0 0 0 0 0 0 0 0 0
470232 0.20072 0.20072 0.0 39.8270803480221 0.1607 0 0 0 0 0 0 0 0 0 0 0 0
470244 0.36082 0.36082 0.0 41.267124679268086 0.14215 0 0 0 0 0 0 0 0 0 0 0 0
480064 0.24275 0.24275 0.0 40.519594142223575 0.1213 0 0 0 0 0 0 0 0 0 0 0 0
480464 0.22146 0.22146 0.0 40.36472226833706 0.14915 0 0 0 0 0 0 0 0 0 0 0 0
490008 0.12068 0.12068 0.0 38.609681954663806 0.1916 0 0 0 0 0 0 0 0 0 0 0 0
490521 0.3416 0.3416 0.0 41.07893713011295 0.16925 0 0 0 0 0 0 0 0 0 0 0 0
500004 0.25051 0.25051 0.0 40.51411177004901 0.13165 0 0 0 0 0 0 0 0 0 0 0 0
500057 0.38054 0.38054 0.0 41.420359871276936 0.1307 0 0 0 0 0 0 0 0 0 0 0 0
500100 0.31079 0.31079 0.0 41.07104832857931 0.13845 0 0 0 0 0 0 0 0 0 0 0 0
500504 0.1994 0.1994 0.0 39.92924527231096 0.14145 0 0 0 0 0 0 0 0 0 0 0 0
510251 0.24001 0.24001 0.0 40.09871775999056 0.1643 0 0 0 0 0 0 0 0 0 0 0 0
510457 0.50275 0.50275 0.0 42.53320832084209 0.20855 0 0 0 0 0 0 0 0 0 0 0 0
510578 0.37013 0.37013 0.0 41.66605579522705 0.1358 0 0 0 0 0 0 0 0 0 0 0 0
510638 0.27001 0.27001 0.0 40.55148300483915 0.13725 0 0 0 0 0 0 0 0 0 0 0 0
520019 0.26312 0.26312 0.0 40.521253447657685 0.1313 0 0 0 0 0 0 0 0 0 0 0 0
520023 0.26801 0.26801 0.0 40.66511163860765 0.16715 0 0 0 0 0 0 0 0 0 0 0 0
520062 0.30801 0.30801 0.0 41.00059373268553 0.1182 0 0 0 0 0 0 0 0 0 0 0 0
520077 0.25001 0.25001 0.0 40.554188204898416 0.1625 0 0 0 0 0 0 0 0 0 0 0 0
520188 0.28051 0.28051 0.0 40.951706114802356 0.11055 0 0 0 0 0 0 0 0 0 0 0 0
530112 0.3148 0.3148 0.0 40.993261033673534 0.12485 0 0 0 0 0 0 0 0 0 0 0 0
530219 0.3284 0.3284 0.0 40.98867201937143 0.16575 0 0 0 0 0 0 0 0 0 0 0 0
540163 0.32944 0.32944 0.0 40.96483454814613 0.11895 0 0 0 0 0 0 0 0 0 0 0 0
550041 0.25848 0.25848 0.0 40.425633937003546 0.14085 0 0 0 0 0 0 0 0 0 0 0 0
550096 0.22448 0.22448 0.0 40.180483703890445 0.15385 0 0 0 0 0 0 0 0 0 0 0 0
550154 0.21079 0.21079 0.0 40.25476150880638 0.1231 0 0 0 0 0 0 0 0 0 0 0 0
550218 0.38734 0.38734 0.0 41.441681707661516 0.18525 0 0 0 0 0 0 0 0 0 0 0 0
560087 0.30642 0.30642 0.0 40.98160288868232 0.1493 0 0 0 0 0 0 0 0 0 0 0 0
560121 0.36491 0.36491 0.0 41.38388613518755 0.1423 0 0 0 0 0 0 0 0 0 0 0 0
560152 0.2488 0.2488 0.0 40.625007554197474 0.1596 0 0 0 0 0 0 0 0 0 0 0 0
570025 0.2988 0.2988 0.0 41.30071228448307 0.16425 0 0 0 0 0 0 0 0 0 0 0 0
570062 0.12365 0.12365 0.0 38.71788492392154 0.1083 0 0 0 0 0 0 0 0 0 0 0 0
580235 0.33159 0.33159 0.0 41.07662524504986 0.1401 0 0 0 0 0 0 0 0 0 0 0 0
580275 0.38246 0.38246 0.0 41.69577842720109 0.1824 0 0 0 0 0 0 0 0 0 0 0 0
580300 0.24074 0.24074 0.0 40.43556811399646 0.11795 0 0 0 0 0 0 0 0 0 0 0 0
590005 0.17144 0.17144 0.0 39.86058153110331 0.17315 0 0 0 0 0 0 0 0 0 0 0 0
200132 0.2088 0.2088 0.0 40.10514617055661 0.16115 0 0 0 0 0 0 0 0 0 0 0 0
350180 0.2896 0.2896 0.0 40.74897125438709 0.1649 0 0 0 0 0 0 0 0 0 0 0 0
000010 0.24599 0.24599 0.0 40.47965285494053 0.1219 0 0 0 0 0 0 0 0 0 0 0 0
000014 0.13659 0.13659 0.0 39.14327669903982 0.12305 0 0 0 0 0 0 0 0 0 0 0 0
000038 0.15062 0.15062 0.0 39.33083767251729 0.11605 0 0 0 0 0 0 0 0 0 0 0 0
000137 0.1187 0.1187 0.0 38.7438492327184 0.1244 0 0 0 0 0 0 0 0 0 0 0 0
000174 0.24494 0.24494 0.0 40.529179513818704 0.1237 0 0 0 0 0 0 0 0 0 0 0 0
000196 0.3507 0.3507 0.0 41.41136558370063 0.10725 0 0 0 0 0 0 0 0 0 0 0 0
000202 0.61992 0.61992 0.0 42.92463295210411 0.1156 0 0 0 0 0 0 0 0 0 0 0 0
000220 0.21986 0.21986 0.0 40.20557223066606 0.10825 0 0 0 0 0 0 0 0 0 0 0 0
010010 0.09929 0.09929 0.0 38.251247710382295 0.10965 0 0 0 0 0 0 0 0 0 0 0 0
020090 0.40996 0.40996 0.0 41.71258176421176 0.20545 0 0 0 0 0 0 0 0 0 0 0 0
030006 0.50276 0.50276 0.0 42.46172331925201 0.2082 0 0 0 0 0 0 0 0 0 0 0 0
040150 0.38171 0.38171 0.0 41.383513213738865 0.143 0 0 0 0 0 0 0 0 0 0 0 0
040201 0.27989 0.27989 0.0 40.76592314633035 0.11365 0 0 0 0 0 0 0 0 0 0 0 0
040780 0.23071 0.23071 0.0 40.19183191335383 0.15255 0 0 0 0 0 0 0 0 0 0 0 0
050003 0.42693 0.42693 0.0 41.79117504648691 0.1627 0 0 0 0 0 0 0 0 0 0 0 0
050201 0.55014 0.55014 0.0 42.63083354367009 0.14355 0 0 0 0 0 0 0 0 0 0 0 0
050291 0.32531 0.32531 0.0 41.12429423717378 0.14105 0 0 0 0 0 0 0 0 0 0 0 0
050296 0.35092 0.35092 0.0 41.29349635884199 0.1283 0 0 0 0 0 0 0 0 0 0 0 0
050303 0.32832 0.32832 0.0 40.8734981403295 0.18155 0 0 0 0 0 0 0 0 0 0 0 0
050580 0.45059 0.45059 0.0 42.023777732454214 0.1316 0 0 0 0 0 0 0 0 0 0 0 0
070242 0.06441 0.06441 0.0 37.35670187326499 0.1085 0 0 0 0 0 0 0 0 0 0 0 0
080064 0.06559 0.06559 0.0 37.60176239573038 0.12675 0 0 0 0 0 0 0 0 0 0 0 0
080646 0.31811 0.31811 0.0 41.00307225007701 0.12465 0 0 0 0 0 0 0 0 0 0 0 0
090037 0.14539 0.14539 0.0 39.19055203239853 0.1724 0 0 0 0 0 0 0 0 0 0 0 0
090275 0.13947 0.13947 0.0 39.08370869288728 0.1129 0 0 0 0 0 0 0 0 0 0 0 0
100101 0.42967 0.42967 0.0 42.04382878567364 0.1527 0 0 0 0 0 0 0 0 0 0 0 0
100206 0.21641 0.21641 0.0 40.086192116878266 0.11555 0 0 0 0 0 0 0 0 0 0 0 0
100358 0.36616 0.36616 0.0 41.44624214174791 0.1841 0 0 0 0 0 0 0 0 0 0 0 0
110425 0.38083 0.38083 0.0 41.57848195561039 0.1382 0 0 0 0 0 0 0 0 0 0 0 0
110430 0.42086 0.42086 0.0 41.7800242473399 0.16245 0 0 0 0 0 0 0 0 0 0 0 0
110460 0.19958 0.19958 0.0 39.834420511351375 0.15295 0 0 0 0 0 0 0 0 0 0 0 0
110484 0.5109 0.5109 0.0 42.286173871749895 0.17305 0 0 0 0 0 0 0 0 0 0 0 0
110542 0.42696 0.42696 0.0 41.95089089734327 0.15295 0 0 0 0 0 0 0 0 0 0 0 0
110716 0.31579 0.31579 0.0 40.86694465204633 0.1522 0 0 0 0 0 0 0 0 0 0 0 0
110721 0.57824 0.57824 0.0 42.60087559138718 0.1624 0 0 0 0 0 0 0 0 0 0 0 0
120044 0.48176 0.48176 0.0 41.991227133612604 0.15415 0 0 0 0 0 0 0 0 0 0 0 0
120086 0.39267 0.39267 0.0 41.76214831998949 0.1588 0 0 0 0 0 0 0 0 0 0 0 0
120143 0.17359 0.17359 0.0 39.405385983642375 0.1083 0 0 0 0 0 0 0 0 0 0 0 0
120369 0.33059 0.33059 0.0 41.073186626284894 0.1153 0 0 0 0 0 0 0 0 0 0 0 0
120444 0.29948 0.29948 0.0 40.952183794792774 0.1614 0 0 0 0 0 0 0 0 0 0 0 0
120586 0.22943 0.22943 0.0 40.459253441932226 0.1411 0 0 0 0 0 0 0 0 0 0 0 0
130755 0.29291 0.29291 0.0 40.825105082012925 0.1708 0 0 0 0 0 0 0 0 0 0 0 0
140152 0.20861 0.20861 0.0 39.94625956175587 0.11275 0 0 0 0 0 0 0 0 0 0 0 0
150254 0.27509 0.27509 0.0 40.89991574223407 0.11615 0 0 0 0 0 0 0 0 0 0 0 0
150457 0.30337 0.30337 0.0 40.75152765319273 0.11865 0 0 0 0 0 0 0 0 0 0 0 0
160070 0.35902 0.35902 0.0 41.050017366848174 0.1342 0 0 0 0 0 0 0 0 0 0 0 0
160126 0.3602 0.3602 0.0 41.42396291457837 0.1604 0 0 0 0 0 0 0 0 0 0 0 0
160198 0.34902 0.34902 0.0 41.212463091931696 0.1223 0 0 0 0 0 0 0 0 0 0 0 0
160214 0.63056 0.63056 0.0 42.68998601731427 0.11795 0 0 0 0 0 0 0 0 0 0 0 0
170078 0.32092 0.32092 0.0 41.173148820792775 0.15495 0 0 0 0 0 0 0 0 0 0 0 0
180313 0.51002 0.51002 0.0 42.27688591760371 0.1182 0 0 0 0 0 0 0 0 0 0 0 0
190209 0.36646 0.36646 0.0 41.326831637888766 0.1243 0 0 0 0 0 0 0 0 0 0 0 0
190340 0.13823 0.13823 0.0 38.9018053295258 0.1038 0 0 0 0 0 0 0 0 0 0 0 0
300179 0.1792 0.1792 0.0 39.77593935100568 0.14915 0 0 0 0 0 0 0 0 0 0 0 0
310039 0.17157 0.17157 0.0 39.61794481507438 0.11585 0 0 0 0 0 0 0 0 0 0 0 0
310051 0.27047 0.27047 0.0 40.62745278846556 0.1242 0 0 0 0 0 0 0 0 0 0 0 0
310090 0.34688 0.34688 0.0 41.72613556770873 0.2533 0 0 0 0 0 0 0 0 0 0 0 0
310146 0.47942 0.47942 0.0 41.92991977859346 0.1463 0 0 0 0 0 0 0 0 0 0 0 0
310188 0.31894 0.31894 0.0 40.83894210724456 0.137 0 0 0 0 0 0 0 0 0 0 0 0
310260 0.51879 0.51879 0.0 42.18775504700353 0.1518 0 0 0 0 0 0 0 0 0 0 0 0
320099 0.3799 0.3799 0.0 41.4823063412207 0.1306 0 0 0 0 0 0 0 0 0 0 0 0
320469 0.37089 0.37089 0.0 41.4915528359127 0.26375 0 0 0 0 0 0 0 0 0 0 0 0
330023 0.18152 0.18152 0.0 39.64604670476904 0.12575 0 0 0 0 0 0 0 0 0 0 0 0
330083 0.22374 0.22374 0.0 40.220637570737956 0.12225 0 0 0 0 0 0 0 0 0 0 0 0
340229 0.14135 0.14135 0.0 38.92132267875374 0.13225 0 0 0 0 0 0 0 0 0 0 0 0
350027 0.30567 0.30567 0.0 41.1155681366413 0.12015 0 0 0 0 0 0 0 0 0 0 0 0
350050 0.40471 0.40471 0.0 41.6368431014818 0.15365 0 0 0 0 0 0 0 0 0 0 0 0
350080 0.28578 0.28578 0.0 40.927134135777024 0.1358 0 0 0 0 0 0 0 0 0 0 0 0
350192 0.30156 0.30156 0.0 40.95472711674563 0.13495 0 0 0 0 0 0 0 0 0 0 0 0
350235 0.26388 0.26388 0.0 40.638401281943786 0.12955 0 0 0 0 0 0 0 0 0 0 0 0
350374 0.50091 0.50091 0.0 42.31273007258798 0.1963 0 0 0 0 0 0 0 0 0 0 0 0
350630 0.30525 0.30525 0.0 40.98922895547378 0.1129 0 0 0 0 0 0 0 0 0 0 0 0
360139 0.38598 0.38598 0.0 41.60960253475901 0.126 0 0 0 0 0 0 0 0 0 0 0 0
360145 0.1986 0.1986 0.0 40.05347214191612 0.1223 0 0 0 0 0 0 0 0 0 0 0 0
370066 0.09121 0.09121 0.0 38.0970559330286 0.1103 0 0 0 0 0 0 0 0 0 0 0 0
370329 0.47796 0.47796 0.0 42.19544995278378 0.1649 0 0 0 0 0 0 0 0 0 0 0 0
370344 0.33159 0.33159 0.0 41.13471906863863 0.11675 0 0 0 0 0 0 0 0 0 0 0 0
370367 0.47175 0.47175 0.0 42.26054570146854 0.15 0 0 0 0 0 0 0 0 0 0 0 0
370394 0.33081 0.33081 0.0 41.03381309062985 0.15595 0 0 0 0 0 0 0 0 0 0 0 0
370498 0.26088 0.26088 0.0 40.80739518660755 0.14225 0 0 0 0 0 0 0 0 0 0 0 0
370566 0.07141 0.07141 0.0 37.51467381025595 0.1192 0 0 0 0 0 0 0 0 0 0 0 0
370595 0.18141 0.18141 0.0 39.447018433163436 0.1593 0 0 0 0 0 0 0 0 0 0 0 0
380318 0.33829 0.33829 0.0 41.214703789734585 0.151 0 0 0 0 0 0 0 0 0 0 0 0
390259 0.12211 0.12211 0.0 38.66803863717308 0.11495 0 0 0 0 0 0 0 0 0 0 0 0
390449 0.25012 0.25012 0.0 40.56858618051257 0.14315 0 0 0 0 0 0 0 0 0 0 0 0
390627 0.16046 0.16046 0.0 39.2754752032277 0.167 0 0 0 0 0 0 0 0 0 0 0 0
420196 0.29843 0.29843 0.0 40.811000797252255 0.16045 0 0 0 0 0 0 0 0 0 0 0 0
420352 0.38887 0.38887 0.0 41.28127327592803 0.14095 0 0 0 0 0 0 0 0 0 0 0 0
420414 0.29245 0.29245 0.0 40.757859730032635 0.1649 0 0 0 0 0 0 0 0 0 0 0 0
430003 0.32841 0.32841 0.0 40.70306800897693 0.17245 0 0 0 0 0 0 0 0 0 0 0 0
440005 0.30549 0.30549 0.0 40.72989757159681 0.13305 0 0 0 0 0 0 0 0 0 0 0 0
440050 0.28546 0.28546 0.0 40.87871644242562 0.1395 0 0 0 0 0 0 0 0 0 0 0 0
440236 0.42886 0.42886 0.0 41.913688700988075 0.1471 0 0 0 0 0 0 0 0 0 0 0 0
440285 0.17967 0.17967 0.0 39.72432010836631 0.1699 0 0 0 0 0 0 0 0 0 0 0 0
440643 0.18959 0.18959 0.0 39.624771661947605 0.1605 0 0 0 0 0 0 0 0 0 0 0 0
450082 0.24849 0.24849 0.0 40.4252835342964 0.14705 0 0 0 0 0 0 0 0 0 0 0 0
450339 0.40927 0.40927 0.0 41.67744128331352 0.19045 0 0 0 0 0 0 0 0 0 0 0 0
460064 0.24146 0.24146 0.0 40.211641169160224 0.13015 0 0 0 0 0 0 0 0 0 0 0 0
470015 0.33748 0.33748 0.0 41.43928315215709 0.16625 0 0 0 0 0 0 0 0 0 0 0 0
470043 0.0706 0.0706 0.0 37.7566668494741 0.29975 0 0 0 0 0 0 0 0 0 0 0 0
470110 0.34546 0.34546 0.0 41.21213310594991 0.1626 0 0 0 0 0 0 0 0 0 0 0 0
480184 0.3306 0.3306 0.0 41.141904295022094 0.15615 0 0 0 0 0 0 0 0 0 0 0 0
490007 0.05495 0.05495 0.0 36.95408313006374 0.1165 0 0 0 0 0 0 0 0 0 0 0 0
490037 0.42359 0.42359 0.0 41.475366512499804 0.1425 0 0 0 0 0 0 0 0 0 0 0 0
500038 0.1072 0.1072 0.0 38.41815958517897 0.1111 0 0 0 0 0 0 0 0 0 0 0 0
500065 0.2854 0.2854 0.0 40.68813315646169 0.12315 0 0 0 0 0 0 0 0 0 0 0 0
500301 0.32553 0.32553 0.0 40.960406011362544 0.1384 0 0 0 0 0 0 0 0 0 0 0 0
500511 0.33493 0.33493 0.0 41.13857976757891 0.1129 0 0 0 0 0 0 0 0 0 0 0 0
510113 0.2909 0.2909 0.0 41.10611676757962 0.15955 0 0 0 0 0 0 0 0 0 0 0 0
510266 0.44058 0.44058 0.0 41.95531174591111 0.13695 0 0 0 0 0 0 0 0 0 0 0 0
510550 0.24111 0.24111 0.0 40.295016217014386 0.1118 0 0 0 0 0 0 0 0 0 0 0 0
510597 0.46101 0.46101 0.0 42.07886320761618 0.16435 0 0 0 0 0 0 0 0 0 0 0 0
520022 0.11944 0.11944 0.0 38.869345587954 0.1245 0 0 0 0 0 0 0 0 0 0 0 0
520041 0.54539 0.54539 0.0 42.5595934187183 0.1462 0 0 0 0 0 0 0 0 0 0 0 0
520071 0.41155 0.41155 0.0 41.700037577613806 0.1289 0 0 0 0 0 0 0 0 0 0 0 0
530037 0.26848 0.26848 0.0 40.528245890408606 0.14435 0 0 0 0 0 0 0 0 0 0 0 0
530086 0.04976 0.04976 0.0 36.80221539444413 0.13525 0 0 0 0 0 0 0 0 0 0 0 0
530251 0.41131 0.41131 0.0 41.751395029515876 0.15385 0 0 0 0 0 0 0 0 0 0 0 0
550005 0.07369 0.07369 0.0 37.7307387453567 0.1566 0 0 0 0 0 0 0 0 0 0 0 0
550059 0.31841 0.31841 0.0 41.17771475696482 0.21085 0 0 0 0 0 0 0 0 0 0 0 0
550137 0.4193 0.4193 0.0 41.89971022477147 0.152 0 0 0 0 0 0 0 0 0 0 0 0
550202 0.42028 0.42028 0.0 41.62140624459557 0.2331 0 0 0 0 0 0 0 0 0 0 0 0
560027 0.43885 0.43885 0.0 42.11014333117546 0.19185 0 0 0 0 0 0 0 0 0 0 0 0
560054 0.4804 0.4804 0.0 42.125825830587864 0.17225 0 0 0 0 0 0 0 0 0 0 0 0
560150 0.1998 0.1998 0.0 40.187472691321396 0.13595 0 0 0 0 0 0 0 0 0 0 0 0
570022 0.30143 0.30143 0.0 40.80781842774947 0.1445 0 0 0 0 0 0 0 0 0 0 0 0
570056 0.2902 0.2902 0.0 41.05350732751062 0.13835 0 0 0 0 0 0 0 0 0 0 0 0
580104 0.3092 0.3092 0.0 40.99958822879581 0.1462 0 0 0 0 0 0 0 0 0 0 0 0
580270 0.2956 0.2956 0.0 40.778849768701846 0.123 0 0 0 0 0 0 0 0 0 0 0 0
580276 0.33848 0.33848 0.0 41.12948517643499 0.13905 0 0 0 0 0 0 0 0 0 0 0 0
590031 0.3786 0.3786 0.0 41.43268842919835 0.1463 0 0 0 0 0 0 0 0 0 0 0 0
590194 0.0896 0.0896 0.0 38.084294746070775 0.11685 0 0 0 0 0 0 0 0 0 0 0 0
520016 0.4507 0.4507 0.0 42.007110741905805 0.15475 0 0 0 0 0 0 0 0 0 0 0 0
380199 0.4604 0.4604 0.0 41.89685002413591 0.14725 0 0 0 0 0 0 0 0 0 0 0 0
