1.012000000000000052e-02 1.390910376216210054e+01
1.038000000000000034e-02 1.404689374032884963e+01
1.043000000000000003e-02 1.392794204547375791e+01
1.081999999999999976e-02 1.400871385909954014e+01
1.209000000000000005e-02 1.397671762029361275e+01
1.220000000000000077e-02 1.445520171485974004e+01
1.226000000000000006e-02 1.447039457966398679e+01
1.268000000000000030e-02 1.444741667831602250e+01
1.271000000000000081e-02 1.428327103495094264e+01
1.290999999999999960e-02 1.418769899003140722e+01
1.318000000000000074e-02 1.455613144406621728e+01
1.382000000000000069e-02 1.448107402686226663e+01
1.401999999999999948e-02 1.464790438633060710e+01
1.447000000000000022e-02 1.463940912094123270e+01
1.451000000000000033e-02 1.489414098501895189e+01
1.454000000000000084e-02 1.499621273309407599e+01
1.472000000000000045e-02 1.461833092129167966e+01
1.503999999999999955e-02 1.469943882435308957e+01
1.506000000000000047e-02 1.461830333582463659e+01
1.519999999999999997e-02 1.453709120253995124e+01
1.529999999999999936e-02 1.466949502030881369e+01
1.531000000000000069e-02 1.467269034492351309e+01
1.532000000000000028e-02 1.494632347035819642e+01
1.566999999999999990e-02 1.443227411663070825e+01
1.567999999999999949e-02 1.475998207193816292e+01
1.572000000000000133e-02 1.485954719280079317e+01
1.628999999999999893e-02 1.517507729090542945e+01
1.634999999999999995e-02 1.488169247642155391e+01
1.661999999999999936e-02 1.463034791415534919e+01
1.662999999999999895e-02 1.501446737774968554e+01
1.677999999999999978e-02 1.492987189161860151e+01
1.696999999999999897e-02 1.491148887075856422e+01
1.697999999999999857e-02 1.467035774626853062e+01
1.704999999999999918e-02 1.485509038647741598e+01
1.723999999999999838e-02 1.493071749141192939e+01
1.726000000000000104e-02 1.491775277251185905e+01
1.731999999999999859e-02 1.487352963595256661e+01
1.739999999999999880e-02 1.526461858322788068e+01
1.740999999999999839e-02 1.509941527669601236e+01
1.752000000000000085e-02 1.505491026957834322e+01
1.754000000000000004e-02 1.498632267417258923e+01
1.762999999999999984e-02 1.493508634632311427e+01
1.907999999999999974e-02 1.535291635853348957e+01
1.969999999999999876e-02 1.545416884922103762e+01
1.972000000000000142e-02 1.527449389004161162e+01
2.019999999999999921e-02 1.502286064241193309e+01
2.024000000000000105e-02 1.528841179208105672e+01
2.031000000000000166e-02 1.530575002994577005e+01
2.037999999999999881e-02 1.543189217456051132e+01
2.040000000000000147e-02 1.570606380326962004e+01
2.091000000000000150e-02 1.536623503629186160e+01
2.120000000000000009e-02 1.544701043261166440e+01
2.171000000000000013e-02 1.550330747239428142e+01
2.188999999999999974e-02 1.553080962619045913e+01
2.196999999999999995e-02 1.536596527895791375e+01
2.210000000000000159e-02 1.577778194274847756e+01
2.222999999999999976e-02 1.539105876316244803e+01
2.248999999999999957e-02 1.557013230148153582e+01
2.274999999999999939e-02 1.553791905297494402e+01
2.348000000000000087e-02 1.566261817539428236e+01
2.349000000000000046e-02 1.562441273835792188e+01
2.384000000000000008e-02 1.570066382022528018e+01
2.398000000000000131e-02 1.582206643808443047e+01
2.401000000000000009e-02 1.578728353918210559e+01
2.414000000000000173e-02 1.567853579099613981e+01
2.453999999999999931e-02 1.560239234671763420e+01
2.477000000000000035e-02 1.566052511894900157e+01
2.481999999999999831e-02 1.565347868479374327e+01
2.525000000000000161e-02 1.582960342955852795e+01
2.528999999999999998e-02 1.578953646361591012e+01
2.546999999999999958e-02 1.586749767253012955e+01
2.556999999999999898e-02 1.586268908568975178e+01
2.559000000000000163e-02 1.554989935937117451e+01
2.580000000000000002e-02 1.615989866004166231e+01
2.627000000000000168e-02 1.598506909364953188e+01
2.639000000000000026e-02 1.593553306562992766e+01
2.642999999999999863e-02 1.592128202670674497e+01
2.650999999999999884e-02 1.607025894294540080e+01
2.673000000000000029e-02 1.597323794992988688e+01
2.689000000000000071e-02 1.587665777843638892e+01
2.750999999999999973e-02 1.599896264521143152e+01
2.751999999999999932e-02 1.615163861977518422e+01
2.762999999999999831e-02 1.623274194978305118e+01
2.810999999999999957e-02 1.634518244862020708e+01
2.836999999999999938e-02 1.610433031939886206e+01
2.844999999999999959e-02 1.604526296160783261e+01
2.845999999999999919e-02 1.600535338067817648e+01
2.878000000000000003e-02 1.611365016321420995e+01
2.879999999999999921e-02 1.609003170800913196e+01
2.894000000000000045e-02 1.602773654790339819e+01
2.931999999999999884e-02 1.586516921460659368e+01
2.949999999999999845e-02 1.634567171078215253e+01
2.989999999999999949e-02 1.624138012183113489e+01
3.000999999999999848e-02 1.617124336599380641e+01
3.048000000000000015e-02 1.625092377727234449e+01
3.048999999999999974e-02 1.628970208451102764e+01
3.055000000000000077e-02 1.589051553931678562e+01
3.144000000000000267e-02 1.631918159340622054e+01
3.155000000000000165e-02 1.613112312935921011e+01
3.160999999999999921e-02 1.637291179519162299e+01
3.162999999999999839e-02 1.622117026594779077e+01
3.184000000000000025e-02 1.634397213606541399e+01
3.191000000000000086e-02 1.659137040988051837e+01
3.212000000000000272e-02 1.623243349536188518e+01
3.219999999999999946e-02 1.647431955134238990e+01
3.273000000000000215e-02 1.638343598170254722e+01
3.280000000000000276e-02 1.664451566482351907e+01
3.291999999999999788e-02 1.645487991079978229e+01
3.314000000000000279e-02 1.639040538735771335e+01
3.348000000000000281e-02 1.648094812996145819e+01
3.359000000000000180e-02 1.659260269937215782e+01
3.377999999999999753e-02 1.639107361373015337e+01
3.398999999999999938e-02 1.635255578657030995e+01
3.407999999999999918e-02 1.640094727731782598e+01
3.411000000000000143e-02 1.651615522288702209e+01
3.416000000000000286e-02 1.657748175011258240e+01
3.425999999999999879e-02 1.646652742028510374e+01
3.434000000000000247e-02 1.661249658132437901e+01
3.438000000000000084e-02 1.660798188443344259e+01
3.488999999999999740e-02 1.637255269056584339e+01
3.500999999999999945e-02 1.665957121078702841e+01
3.506999999999999701e-02 1.645405963663141335e+01
3.518000000000000294e-02 1.642306050957753882e+01
3.577999999999999931e-02 1.659285309306478950e+01
3.681999999999999856e-02 1.677024424523811774e+01
3.699999999999999817e-02 1.674963120049313048e+01
3.713000000000000328e-02 1.656236661048566106e+01
3.729999999999999982e-02 1.682142620290867896e+01
3.742999999999999799e-02 1.677159553384447932e+01
3.790999999999999925e-02 1.658576959400294015e+01
3.799999999999999906e-02 1.676858721741897540e+01
3.826999999999999846e-02 1.699542734247894771e+01
3.837000000000000133e-02 1.690288644557014308e+01
3.862999999999999767e-02 1.686491497604857415e+01
3.984000000000000041e-02 1.671016245662444888e+01
4.028000000000000330e-02 1.681981110904810706e+01
4.066999999999999782e-02 1.679338850375456360e+01
4.093000000000000110e-02 1.689492375588961792e+01
4.150000000000000216e-02 1.699988813843065216e+01
4.268999999999999878e-02 1.693542112046051429e+01
4.309999999999999942e-02 1.697586335595424600e+01
4.340999999999999720e-02 1.693217019058045381e+01
4.436999999999999972e-02 1.682182045099223089e+01
4.485999999999999710e-02 1.720579305195946773e+01
4.581999999999999962e-02 1.729418676849410019e+01
4.596999999999999698e-02 1.728235778454354232e+01
4.651000000000000273e-02 1.718491065547831553e+01
4.710000000000000298e-02 1.698638688243732275e+01
4.712999999999999828e-02 1.717043143431528662e+01
4.714000000000000135e-02 1.716496793618281202e+01
4.818999999999999673e-02 1.743179543942408216e+01
4.948999999999999927e-02 1.732629610647757801e+01
4.975999999999999868e-02 1.734938915325950859e+01
5.034999999999999892e-02 1.729108574648112295e+01
5.066999999999999976e-02 1.757363930045963585e+01
5.091999999999999998e-02 1.742171002392193202e+01
5.322000000000000342e-02 1.757982635810068928e+01
5.344000000000000139e-02 1.762332632943893529e+01
5.358999999999999875e-02 1.747004832705739119e+01
5.417999999999999899e-02 1.732174438425672136e+01
5.457999999999999657e-02 1.745235122319679277e+01
5.494999999999999885e-02 1.760380632796279698e+01
5.573000000000000176e-02 1.756132298635429478e+01
5.580999999999999850e-02 1.723174692644294126e+01
5.684000000000000163e-02 1.773334659579483130e+01
5.714999999999999941e-02 1.765658235051071046e+01
5.720999999999999697e-02 1.760318307321368181e+01
5.890000000000000097e-02 1.778988677036450738e+01
5.895000000000000240e-02 1.777022431519752388e+01
5.947999999999999815e-02 1.772010417550782435e+01
6.119000000000000133e-02 1.792634206727281310e+01
6.440999999999999504e-02 1.809855688606298330e+01
6.454999999999999627e-02 1.778996613152301975e+01
6.481000000000000649e-02 1.787549593516026292e+01
6.558999999999999553e-02 1.791192040727937851e+01
6.640999999999999681e-02 1.798682771944458381e+01
6.844999999999999696e-02 1.831228770102309511e+01
6.876999999999999780e-02 1.817001391358867579e+01
6.887999999999999678e-02 1.817552992533941847e+01
7.059999999999999609e-02 1.848551048397741781e+01
7.062999999999999834e-02 1.806113909363071102e+01
7.141000000000000125e-02 1.815870491628367489e+01
7.180000000000000271e-02 1.801032594429917566e+01
7.369000000000000550e-02 1.823486706887903352e+01
7.514999999999999458e-02 1.788851307490802611e+01
7.523000000000000520e-02 1.829736054358744468e+01
7.549999999999999767e-02 1.837908247265297490e+01
7.877000000000000668e-02 1.875637850416368124e+01
7.882999999999999730e-02 1.853759964963025908e+01
7.975999999999999757e-02 1.833854505091911236e+01
8.140999999999999626e-02 1.850854560233823776e+01
8.219999999999999529e-02 1.853026079157599071e+01
8.254000000000000226e-02 1.851598119692219058e+01
8.282000000000000473e-02 1.874145696792563953e+01
8.504000000000000448e-02 1.862044978707792353e+01
8.543000000000000593e-02 1.860589242843013480e+01
8.784000000000000141e-02 1.867716608331392081e+01
8.805999999999999939e-02 1.847924617098103184e+01
8.848000000000000309e-02 1.864104541192592279e+01
8.959999999999999909e-02 1.872522015214288160e+01
9.059999999999999998e-02 1.875926091452156186e+01
9.189999999999999558e-02 1.895226718232178698e+01
9.227000000000000479e-02 1.885566650173753089e+01
9.390999999999999348e-02 1.894757378393692449e+01
9.400999999999999635e-02 1.888702198142637556e+01
9.629999999999999671e-02 1.881914619026923674e+01
9.940000000000000224e-02 1.918521412529794645e+01
1.001800000000000052e-01 1.895492926236679665e+01
1.004000000000000031e-01 1.908143223564274393e+01
1.021999999999999992e-01 1.905447755463663739e+01
1.023000000000000020e-01 1.915592450946353154e+01
1.026399999999999951e-01 1.915932906255547863e+01
1.028799999999999992e-01 1.915815939631898956e+01
1.029999999999999943e-01 1.890330005609072472e+01
1.033700000000000035e-01 1.909963092378918148e+01
1.035100000000000048e-01 1.895838011059725403e+01
1.055999999999999994e-01 1.911784535303410948e+01
1.063800000000000023e-01 1.908814114358738578e+01
1.068299999999999944e-01 1.921610776752295990e+01
1.072000000000000036e-01 1.919723014445052911e+01
1.074999999999999983e-01 1.924290380805726741e+01
1.088599999999999984e-01 1.916969850332789349e+01
1.097999999999999948e-01 1.929382399166824058e+01
1.124200000000000060e-01 1.937869267997301037e+01
1.136400000000000049e-01 1.912491527581758888e+01
1.162799999999999945e-01 1.929250631134198457e+01
1.163499999999999951e-01 1.938351432722746992e+01
1.174100000000000005e-01 1.941799304323151887e+01
1.177099999999999952e-01 1.934946750789126568e+01
1.179700000000000054e-01 1.919106418126233393e+01
1.184499999999999997e-01 1.944779110998086935e+01
1.187000000000000000e-01 1.926866347379548117e+01
1.194000000000000061e-01 1.933546398358663509e+01
1.196600000000000025e-01 1.964953752350075078e+01
1.199100000000000027e-01 1.936605159783764663e+01
1.204199999999999993e-01 1.951787655348584849e+01
1.205999999999999989e-01 1.936996103849305584e+01
1.216399999999999981e-01 1.957830679314989908e+01
1.218999999999999945e-01 1.933895373905034631e+01
1.221000000000000002e-01 1.937379127318636662e+01
1.226200000000000068e-01 1.943926953645684108e+01
1.230300000000000005e-01 1.939278614000352974e+01
1.233599999999999974e-01 1.941766506760463784e+01
1.237599999999999950e-01 1.940105014383918558e+01
1.237999999999999934e-01 1.957173620230688726e+01
1.245499999999999940e-01 1.947611300520322430e+01
1.251599999999999935e-01 1.947064372957733980e+01
1.260799999999999976e-01 1.936764772132613288e+01
1.262199999999999989e-01 1.958342292364593362e+01
1.268799999999999928e-01 1.952365613380627707e+01
1.269399999999999973e-01 1.954065827512974352e+01
1.271500000000000130e-01 1.959208862153347752e+01
1.283700000000000119e-01 1.956051873792752005e+01
1.289899999999999936e-01 1.950653697998721370e+01
1.290300000000000058e-01 1.958862135385750847e+01
1.292800000000000060e-01 1.954493399239944651e+01
1.293999999999999873e-01 1.960972480509681759e+01
1.304500000000000104e-01 1.979545696885761075e+01
1.324299999999999922e-01 1.992833186145723090e+01
1.325999999999999956e-01 1.953908481313754564e+01
1.335300000000000098e-01 1.959212895911220897e+01
1.351400000000000101e-01 1.996504072357597437e+01
1.351999999999999869e-01 1.980591834386552463e+01
1.360999999999999988e-01 1.975990427690477347e+01
1.363900000000000112e-01 1.958472900506413339e+01
1.368699999999999917e-01 1.973814767221598743e+01
1.369599999999999984e-01 1.976253071852582366e+01
1.372899999999999954e-01 2.012037907420096161e+01
1.381100000000000105e-01 1.966087424885787271e+01
1.381799999999999973e-01 1.970154886768056457e+01
1.383300000000000085e-01 1.984716064172264183e+01
1.383999999999999952e-01 1.979212366538770951e+01
1.386400000000000132e-01 1.999706842971132303e+01
1.386799999999999977e-01 1.976824199231408841e+01
1.388000000000000067e-01 1.981977636933567766e+01
1.396000000000000019e-01 1.977919699576884227e+01
1.406999999999999917e-01 1.986898118575305716e+01
1.411999999999999922e-01 1.984064787215785941e+01
1.431000000000000050e-01 1.979575861703569117e+01
1.436000000000000054e-01 1.987779349472292267e+01
1.438699999999999979e-01 1.981512994904085190e+01
1.440899999999999959e-01 1.983360443262626305e+01
1.447799999999999920e-01 1.980857511188947839e+01
1.453000000000000125e-01 2.025623788949827286e+01
1.453299999999999870e-01 1.990683634683133363e+01
1.458099999999999952e-01 1.967114130704094421e+01
1.466000000000000081e-01 1.991031531591294623e+01
1.470299999999999940e-01 1.983814143876448810e+01
1.472900000000000043e-01 1.977367701099291253e+01
1.476000000000000090e-01 1.988756542640076574e+01
1.479199999999999959e-01 1.983807276910963324e+01
1.488200000000000078e-01 1.991586786659044961e+01
1.496000000000000107e-01 2.015084366857659859e+01
1.504999999999999949e-01 1.985415098387423427e+01
1.506000000000000116e-01 1.993859865868153491e+01
1.518599999999999950e-01 1.979143258209775169e+01
1.526000000000000134e-01 1.993824486687097064e+01
1.527100000000000124e-01 2.008331696453175041e+01
1.530400000000000094e-01 2.000020334873725858e+01
1.531700000000000006e-01 1.984036914309828603e+01
1.532499999999999973e-01 1.999832671362153036e+01
1.533899999999999986e-01 2.012043410773496532e+01
1.549200000000000021e-01 1.982882499190158754e+01
1.550900000000000056e-01 2.002281710225161149e+01
1.551700000000000024e-01 2.014044425188168930e+01
1.559599999999999875e-01 1.998615812956130355e+01
1.565300000000000025e-01 1.994222641563776222e+01
1.567999999999999949e-01 2.012237817505516801e+01
1.568900000000000017e-01 2.002251940345901104e+01
1.583700000000000108e-01 1.981465783297461059e+01
1.589899999999999924e-01 1.999401702857998586e+01
1.592000000000000082e-01 2.018352570891351405e+01
1.593499999999999917e-01 1.983726986439420514e+01
1.598999999999999866e-01 1.992105911951255948e+01
1.599899999999999933e-01 2.007442760380875413e+01
1.603499999999999925e-01 1.993106680758096516e+01
1.603999999999999870e-01 2.016308742279374400e+01
1.605900000000000105e-01 1.998389847482992465e+01
1.612000000000000099e-01 2.007581656880999432e+01
1.617999999999999994e-01 2.013397012018957000e+01
1.628400000000000125e-01 2.024643341538739705e+01
1.635600000000000109e-01 2.002188118614312984e+01
1.643100000000000116e-01 2.002982241537251440e+01
1.645500000000000018e-01 2.009254947928415902e+01
1.647699999999999998e-01 2.008309797671450170e+01
1.659499999999999864e-01 1.993241882759612338e+01
1.681699999999999862e-01 2.005034535214541691e+01
1.691999999999999893e-01 2.025754244184827257e+01
1.696000000000000008e-01 2.046308459338644070e+01
1.702799999999999869e-01 2.024669676596814227e+01
1.706300000000000039e-01 2.012157707384776373e+01
1.711999999999999911e-01 2.028947218768739091e+01
1.716999999999999915e-01 2.021850122472097055e+01
1.726999999999999924e-01 2.049139279104513633e+01
1.731499999999999984e-01 2.015146665983505869e+01
1.734999999999999876e-01 2.008919207007295427e+01
1.735700000000000021e-01 2.028007494003745848e+01
1.737299999999999955e-01 2.047920654924735828e+01
1.738300000000000123e-01 2.032652500742116075e+01
1.739999999999999880e-01 2.034445629604955030e+01
1.742799999999999905e-01 2.023526592683154135e+01
1.748300000000000132e-01 2.050334620858790657e+01
1.755800000000000138e-01 2.024542716968177203e+01
1.762499999999999900e-01 2.047556697369692102e+01
1.765299999999999925e-01 2.023880688505418135e+01
1.769600000000000062e-01 2.028320765757509392e+01
1.770599999999999952e-01 2.033478017021282369e+01
1.776800000000000046e-01 2.006969717872992121e+01
1.776999999999999968e-01 2.035646338740992434e+01
1.778899999999999926e-01 2.020170672308980286e+01
1.783899999999999930e-01 2.072616376247604464e+01
1.785100000000000020e-01 2.037328731561185435e+01
1.789000000000000035e-01 2.040045087909461685e+01
1.791500000000000037e-01 2.027863974425423876e+01
1.791999999999999982e-01 2.051201317829372783e+01
1.795799999999999896e-01 2.030037713305406299e+01
1.799000000000000044e-01 2.068112532562033934e+01
1.803700000000000025e-01 2.013645935910698626e+01
1.806000000000000105e-01 2.036765309506874289e+01
1.807900000000000063e-01 2.037876010653317493e+01
1.807999999999999885e-01 2.037275263453170737e+01
1.812000000000000000e-01 2.042814826834565878e+01
1.812300000000000022e-01 2.021038587659765895e+01
1.820299999999999974e-01 2.033463095520189157e+01
1.827999999999999903e-01 2.057998555211018044e+01
1.832199999999999940e-01 2.029388542219762570e+01
1.837600000000000067e-01 2.050517786191936764e+01
1.838799999999999879e-01 2.055042075776041699e+01
1.844300000000000106e-01 2.055017572483786026e+01
1.846800000000000108e-01 2.036248507997807877e+01
1.848100000000000021e-01 2.038555433410554585e+01
1.849999999999999978e-01 2.037300455784367159e+01
1.850700000000000123e-01 2.031351201227875691e+01
1.851599999999999913e-01 2.045793558467975970e+01
1.852000000000000035e-01 2.053923734652964583e+01
1.856299999999999895e-01 2.033573565589819410e+01
1.858100000000000029e-01 2.048181772757984476e+01
1.865100000000000091e-01 2.052291289874985125e+01
1.889099999999999946e-01 2.020257075882976494e+01
1.891400000000000026e-01 2.088358159811269132e+01
1.893100000000000060e-01 2.048435786192911223e+01
1.895999999999999908e-01 2.049954734228030873e+01
1.897899999999999865e-01 2.046329132675792195e+01
1.900900000000000090e-01 2.064661753379768427e+01
1.902500000000000024e-01 2.040413055923963270e+01
1.902899999999999869e-01 2.069149964773402317e+01
1.912000000000000088e-01 2.005713569916754579e+01
1.917600000000000138e-01 2.052960951253570343e+01
1.939200000000000090e-01 2.059415644911977594e+01
1.942200000000000037e-01 2.061610835333293323e+01
1.958000000000000018e-01 2.052685741998110203e+01
1.958999999999999908e-01 2.050244881530848673e+01
1.961100000000000065e-01 2.054630471411037362e+01
1.965399999999999925e-01 2.070573889345406471e+01
1.967099999999999960e-01 2.073595025026399341e+01
1.971799999999999942e-01 2.057961000673491014e+01
1.972599999999999909e-01 2.043342873611469201e+01
1.980099999999999916e-01 2.048889592757107536e+01
1.985000000000000098e-01 2.064510791416396884e+01
1.986199999999999910e-01 2.063862303823895061e+01
1.986700000000000133e-01 2.060813647002950688e+01
1.993999999999999939e-01 2.039752611808487970e+01
1.995999999999999996e-01 2.061107310427789585e+01
1.998000000000000054e-01 2.066158829127961738e+01
2.006000000000000005e-01 2.062719508396958190e+01
2.021499999999999964e-01 2.038385386985013525e+01
2.026699999999999890e-01 2.060056559855676284e+01
2.030800000000000105e-01 2.073278204809895797e+01
2.031300000000000050e-01 2.063968720763062592e+01
2.031799999999999995e-01 2.064261407907565271e+01
2.032299999999999940e-01 2.069801476522975392e+01
2.033500000000000030e-01 2.057121942725931873e+01
2.036799999999999999e-01 2.064930762728385361e+01
2.045299999999999896e-01 2.066234806236333554e+01
2.048999999999999988e-01 2.055240648880565857e+01
2.051499999999999990e-01 2.093212690749050253e+01
2.054799999999999960e-01 2.056434140924064735e+01
2.055700000000000027e-01 2.072940762944793747e+01
2.073500000000000065e-01 2.103777844471784064e+01
2.084699999999999886e-01 2.065270305799313633e+01
2.084999999999999909e-01 2.059389893501804991e+01
2.085200000000000109e-01 2.069975182605685760e+01
2.088000000000000134e-01 2.085685976196243274e+01
2.100499999999999867e-01 2.090274822619655737e+01
2.101999999999999980e-01 2.078143644102965482e+01
2.105400000000000049e-01 2.063803595633778443e+01
2.106000000000000094e-01 2.073969957738781034e+01
2.107499999999999929e-01 2.101174631901324119e+01
2.108200000000000074e-01 2.057554951892789674e+01
2.109900000000000109e-01 2.072496215840108391e+01
2.116000000000000103e-01 2.068757877814010726e+01
2.116300000000000125e-01 2.062267576792476120e+01
2.117900000000000060e-01 2.114276158577050424e+01
2.122600000000000042e-01 2.079956118715989888e+01
2.132300000000000029e-01 2.067521017908915582e+01
2.133799999999999863e-01 2.072974465441136971e+01
2.135299999999999976e-01 2.078081094941242668e+01
2.144999999999999962e-01 2.073332957330334736e+01
2.145700000000000107e-01 2.081959493004723072e+01
2.151299999999999879e-01 2.119997978636321889e+01
2.165999999999999870e-01 2.059504687520858113e+01
2.167399999999999882e-01 2.081044830820913205e+01
2.172800000000000009e-01 2.089222211511269478e+01
2.175700000000000134e-01 2.077880189599724758e+01
2.183499999999999885e-01 2.093084489410933813e+01
2.186500000000000110e-01 2.075997480792336702e+01
2.188499999999999890e-01 2.097392723655226732e+01
2.188700000000000090e-01 2.086798438994220106e+01
2.193499999999999894e-01 2.088345085062632833e+01
2.193799999999999917e-01 2.084757324691321756e+01
2.195499999999999952e-01 2.066978573362955274e+01
2.195999999999999897e-01 2.083352168521545877e+01
2.197500000000000009e-01 2.099849477234986850e+01
2.206799999999999873e-01 2.081588211969498659e+01
2.212000000000000077e-01 2.080558685027637722e+01
2.225600000000000078e-01 2.093350868103875584e+01
2.228600000000000025e-01 2.107823113820840533e+01
2.233400000000000107e-01 2.092869725403292236e+01
2.235999999999999932e-01 2.075210795427594590e+01
2.245199999999999974e-01 2.116280533571750055e+01
2.245999999999999941e-01 2.066738728673762893e+01
2.253000000000000003e-01 2.086495317393721294e+01
2.253400000000000125e-01 2.085911880381937777e+01
2.255000000000000060e-01 2.072391272405859652e+01
2.266900000000000026e-01 2.087520318672272523e+01
2.278600000000000070e-01 2.083270414887174482e+01
2.288000000000000034e-01 2.096313398709251175e+01
2.291600000000000026e-01 2.099233637144658360e+01
2.295999999999999985e-01 2.095753135732355688e+01
2.296700000000000130e-01 2.087728724763802646e+01
2.305000000000000104e-01 2.101313127888901988e+01
2.306999999999999884e-01 2.089144417840585177e+01
2.318000000000000060e-01 2.091969334910100997e+01
2.335000000000000131e-01 2.121136208670865386e+01
2.338000000000000078e-01 2.091860409879434712e+01
2.338099999999999901e-01 2.088305580698608210e+01
2.348000000000000087e-01 2.086374591344156926e+01
2.354199999999999904e-01 2.099099024242116585e+01
2.363000000000000100e-01 2.115273544558457175e+01
2.365200000000000080e-01 2.124679384269492388e+01
2.366999999999999937e-01 2.087455274978502118e+01
2.368000000000000105e-01 2.102025030948135509e+01
2.368399999999999950e-01 2.101239156514453299e+01
2.377499999999999891e-01 2.101303398704578740e+01
2.388000000000000123e-01 2.119341078298799985e+01
2.396000000000000074e-01 2.071828443605604519e+01
2.399999999999999911e-01 2.109346479490150372e+01
2.406000000000000083e-01 2.113217243951549662e+01
2.411000000000000087e-01 2.109064098294324907e+01
2.416000000000000092e-01 2.085608201121044303e+01
2.418500000000000094e-01 2.097912617772114174e+01
2.420599999999999974e-01 2.134312228580679971e+01
2.426000000000000101e-01 2.134180331010400522e+01
2.426699999999999968e-01 2.118241744180004815e+01
2.431500000000000050e-01 2.102600673689645561e+01
2.434000000000000052e-01 2.124714618327339721e+01
2.443599999999999939e-01 2.095840277627423376e+01
2.444800000000000029e-01 2.086727773354915882e+01
2.447999999999999898e-01 2.105399568954565126e+01
2.454000000000000070e-01 2.107021967516088878e+01
2.455199999999999882e-01 2.137334230235012100e+01
2.455499999999999905e-01 2.071777164821346418e+01
2.455799999999999927e-01 2.111391001510633814e+01
2.457000000000000017e-01 2.114861604524352856e+01
2.460299999999999987e-01 2.112596720596482314e+01
2.463700000000000057e-01 2.115542830823390830e+01
2.463899999999999979e-01 2.116123828179349431e+01
2.464300000000000102e-01 2.102037403257112302e+01
2.483499999999999874e-01 2.097967406062512907e+01
2.485199999999999909e-01 2.109511212700813587e+01
2.485700000000000132e-01 2.112410435297965350e+01
2.487999999999999934e-01 2.115936940788582277e+01
2.488299999999999956e-01 2.120133989442247824e+01
2.492000000000000048e-01 2.102573375523795107e+01
2.496099999999999985e-01 2.137958136101599038e+01
2.497300000000000075e-01 2.112054441940252758e+01
2.500000000000000000e-01 2.137686253930596436e+01
2.500999999999999890e-01 2.111360943621235720e+01
2.502900000000000125e-01 2.119909636658074703e+01
2.503699999999999815e-01 2.129635124019991466e+01
2.504000000000000115e-01 2.110226039475708859e+01
2.510399999999999854e-01 2.140506389611197235e+01
2.517400000000000193e-01 2.120725552918925416e+01
2.519100000000000228e-01 2.123188592540505937e+01
2.524899999999999922e-01 2.116570667031057340e+01
2.528000000000000247e-01 2.120543294542284229e+01
2.534000000000000141e-01 2.109004542474050226e+01
2.560899999999999843e-01 2.133230575862075540e+01
2.562499999999999778e-01 2.113857644305993588e+01
2.565500000000000003e-01 2.125440666174813842e+01
2.567200000000000037e-01 2.127372579651558837e+01
2.572099999999999942e-01 2.134490248821278158e+01
2.572200000000000042e-01 2.127211635165995673e+01
2.575999999999999956e-01 2.136981568661478548e+01
2.580000000000000071e-01 2.127543997741023318e+01
2.587999999999999745e-01 2.113694303135147123e+01
2.604000000000000203e-01 2.122835303409217644e+01
2.606999999999999873e-01 2.133468012836788930e+01
2.612900000000000222e-01 2.120229023603727114e+01
2.616200000000000192e-01 2.145390091180559367e+01
2.616600000000000037e-01 2.116487147742326513e+01
2.621999999999999886e-01 2.115696552994796420e+01
2.631000000000000005e-01 2.139113066017596054e+01
2.633800000000000030e-01 2.115581183118827013e+01
2.634900000000000020e-01 2.135554892420400819e+01
2.635700000000000265e-01 2.103305207040255809e+01
2.636999999999999900e-01 2.123305331562746545e+01
2.640500000000000069e-01 2.126606265761747849e+01
2.641000000000000014e-01 2.106258499300223619e+01
2.645100000000000229e-01 2.145149199979219645e+01
2.646999999999999909e-01 2.124424592678632706e+01
2.657599999999999962e-01 2.105922455584401831e+01
2.668699999999999961e-01 2.133041674573937385e+01
2.680000000000000160e-01 2.122480480125704005e+01
2.682100000000000040e-01 2.139828867426551895e+01
2.683800000000000074e-01 2.124790922182964792e+01
2.685600000000000209e-01 2.148635801911228782e+01
2.687999999999999834e-01 2.134021947287195786e+01
2.689099999999999824e-01 2.117433549509688007e+01
2.700000000000000178e-01 2.136753036306440379e+01
2.701000000000000068e-01 2.128468646197552872e+01
2.706999999999999962e-01 2.122539867037575334e+01
2.707999999999999852e-01 2.123351462472915685e+01
2.709099999999999842e-01 2.133979773563731186e+01
2.711999999999999966e-01 2.131011972030873025e+01
2.733999999999999764e-01 2.130420806422273827e+01
2.747999999999999887e-01 2.137131265623052201e+01
2.748999999999999777e-01 2.128808578515005934e+01
2.752000000000000002e-01 2.150648258596449125e+01
2.754400000000000182e-01 2.136867050671390089e+01
2.757299999999999751e-01 2.144641077615079894e+01
2.765599999999999725e-01 2.162392470801374955e+01
2.774900000000000144e-01 2.187868667535968115e+01
2.782200000000000228e-01 2.138555886975159837e+01
2.792299999999999782e-01 2.149972288504780238e+01
2.797000000000000042e-01 2.129806435843054047e+01
2.797999999999999932e-01 2.127525301450490147e+01
2.803999999999999826e-01 2.137935303232793416e+01
2.823999999999999844e-01 2.157527403318662707e+01
2.833200000000000163e-01 2.144291756226835588e+01
2.839099999999999957e-01 2.140731064870924527e+01
2.842000000000000082e-01 2.131491389259287672e+01
2.843399999999999817e-01 2.147200078677975199e+01
2.843600000000000017e-01 2.129624473618966363e+01
2.853999999999999870e-01 2.122713697306183533e+01
2.854300000000000170e-01 2.160019172335656634e+01
2.856000000000000205e-01 2.143826030071890898e+01
2.857999999999999985e-01 2.146443280880055937e+01
2.865500000000000269e-01 2.142108794516404657e+01
2.866199999999999859e-01 2.168088981605551524e+01
2.874200000000000088e-01 2.145198647795298186e+01
2.874599999999999933e-01 2.126483764624391526e+01
2.888000000000000012e-01 2.148054541958163455e+01
2.888999999999999901e-01 2.152743379685632874e+01
2.896000000000000241e-01 2.171436192064741633e+01
2.902000000000000135e-01 2.143986238651465470e+01
2.902100000000000235e-01 2.137036349603054219e+01
2.907000000000000139e-01 2.130712799877857933e+01
2.911400000000000099e-01 2.123404995806806284e+01
2.913499999999999979e-01 2.151860266304304048e+01
2.916000000000000258e-01 2.147282427658382531e+01
2.921000000000000263e-01 2.117545251756349600e+01
2.927000000000000157e-01 2.154543121786927884e+01
2.928000000000000047e-01 2.147821656975082760e+01
2.935300000000000131e-01 2.157776498387953268e+01
2.955999999999999739e-01 2.173008070255993829e+01
2.956699999999999884e-01 2.176878142408953920e+01
2.968299999999999828e-01 2.144299029657461375e+01
2.988000000000000100e-01 2.169207709959123065e+01
2.988799999999999790e-01 2.166547740228547880e+01
2.993600000000000150e-01 2.151835333764924485e+01
2.995999999999999774e-01 2.170276337791096566e+01
3.000999999999999779e-01 2.171094687578584015e+01
3.002099999999999769e-01 2.162446670015792449e+01
3.004100000000000104e-01 2.141835874937316575e+01
3.005999999999999783e-01 2.191935365718924800e+01
3.012000000000000233e-01 2.158782667615825090e+01
3.018000000000000127e-01 2.181030759492652038e+01
3.019100000000000117e-01 2.164063440214861700e+01
3.025999999999999801e-01 2.161289828578578565e+01
3.032000000000000250e-01 2.166913996616319693e+01
3.035399999999999765e-01 2.186995865564076880e+01
3.039399999999999880e-01 2.149485990600823371e+01
3.050999999999999823e-01 2.164378540636734272e+01
3.054999999999999938e-01 2.168572342191008673e+01
3.055999999999999828e-01 2.169886475096983247e+01
3.056900000000000173e-01 2.137863422871460983e+01
3.063199999999999812e-01 2.177618744690211372e+01
3.064999999999999947e-01 2.188252275325531926e+01
3.068000000000000171e-01 2.168547370638755822e+01
3.079999999999999960e-01 2.195182304770112935e+01
3.091499999999999804e-01 2.183421129283663475e+01
3.091999999999999749e-01 2.158641687446102964e+01
3.092900000000000094e-01 2.172194354900592828e+01
3.093799999999999883e-01 2.180936278550250407e+01
3.105999999999999872e-01 2.181832444856256714e+01
3.106499999999999817e-01 2.145804086504507424e+01
3.111999999999999766e-01 2.174362523617095988e+01
3.128799999999999915e-01 2.162944292214556441e+01
3.137599999999999834e-01 2.182125739855196400e+01
3.146800000000000153e-01 2.136014066384113264e+01
3.148000000000000242e-01 2.190213223113855179e+01
3.149399999999999977e-01 2.181869512577686265e+01
3.155999999999999917e-01 2.193517239559218623e+01
3.158199999999999896e-01 2.171536637937996517e+01
3.180000000000000049e-01 2.183735930733264041e+01
3.185000000000000053e-01 2.180962952345669947e+01
3.187999999999999723e-01 2.207958720039427902e+01
3.191999999999999837e-01 2.179007483379178467e+01
3.204500000000000126e-01 2.169366693545361002e+01
3.206999999999999851e-01 2.202031010719279536e+01
3.211999999999999855e-01 2.171354047705272095e+01
3.217999999999999750e-01 2.154966472298920976e+01
3.241600000000000037e-01 2.179556130894897237e+01
3.252999999999999781e-01 2.196771226298540824e+01
3.254000000000000226e-01 2.191987921851595544e+01
3.256899999999999795e-01 2.190308783779874702e+01
3.264000000000000234e-01 2.167132326228719563e+01
3.279299999999999993e-01 2.180314449785734254e+01
3.282999999999999807e-01 2.197256607216869284e+01
3.287999999999999812e-01 2.189723009650879959e+01
3.293099999999999916e-01 2.220815637105882701e+01
3.296999999999999931e-01 2.198557599661930695e+01
3.298400000000000221e-01 2.165135063971499818e+01
3.301999999999999935e-01 2.200030752814151924e+01
3.305100000000000260e-01 2.193027612287825434e+01
3.306000000000000050e-01 2.188080275802992958e+01
3.310299999999999909e-01 2.182717680521590609e+01
3.311999999999999944e-01 2.179509600760231436e+01
3.313599999999999879e-01 2.202799640324898789e+01
3.316000000000000059e-01 2.175906886631566906e+01
3.326999999999999957e-01 2.205190825998267812e+01
3.343900000000000206e-01 2.193289932490691285e+01
3.346999999999999975e-01 2.174685822663830947e+01
3.373999999999999777e-01 2.182745660811809074e+01
3.376000000000000112e-01 2.187850915936831342e+01
3.378999999999999782e-01 2.191503354930231851e+01
3.386000000000000121e-01 2.188274338319953927e+01
3.387999999999999901e-01 2.178825045678190975e+01
3.403900000000000259e-01 2.194692704224964430e+01
3.412000000000000033e-01 2.188721775291130456e+01
3.456000000000000183e-01 2.195865459282939369e+01
3.462100000000000177e-01 2.211396641035230459e+01
3.469999999999999751e-01 2.179125481142815346e+01
3.472999999999999976e-01 2.223057653815826740e+01
3.489999999999999769e-01 2.204833202316732965e+01
3.491000000000000214e-01 2.203111468375704973e+01
3.491600000000000259e-01 2.194409765522146927e+01
3.492000000000000104e-01 2.185762232178431574e+01
3.503000000000000003e-01 2.196416785448598219e+01
3.508999999999999897e-01 2.200253037281057544e+01
3.511600000000000277e-01 2.222906988210483092e+01
3.512000000000000122e-01 2.206151017602374509e+01
3.534599999999999964e-01 2.181492497575938927e+01
3.536000000000000254e-01 2.214593315435575960e+01
3.548600000000000088e-01 2.223850996112254919e+01
3.556799999999999962e-01 2.205976356030565810e+01
3.581599999999999784e-01 2.196151184074839335e+01
3.581900000000000084e-01 2.197003001807472700e+01
3.589999999999999858e-01 2.219594267703267576e+01
3.599999999999999867e-01 2.189933572468142131e+01
3.605999999999999761e-01 2.216305619460135290e+01
3.618000000000000105e-01 2.190630489483127974e+01
3.619299999999999740e-01 2.217315193708426335e+01
3.652000000000000246e-01 2.220522313233758993e+01
3.665999999999999814e-01 2.188480280863153027e+01
3.669000000000000039e-01 2.200481196252886562e+01
3.675999999999999823e-01 2.199133382592958341e+01
3.682000000000000273e-01 2.224327910359913574e+01
3.695200000000000151e-01 2.226135322308006081e+01
3.697599999999999776e-01 2.204586053191380657e+01
3.700999999999999845e-01 2.210048789073639597e+01
3.701599999999999890e-01 2.214194869998724258e+01
3.703899999999999970e-01 2.204636331336642030e+01
3.704000000000000070e-01 2.179501489389224744e+01
3.704600000000000115e-01 2.245880169361518952e+01
3.709100000000000175e-01 2.215082258228668977e+01
3.711999999999999744e-01 2.213301743494887575e+01
3.712900000000000089e-01 2.228847716657973521e+01
3.719100000000000183e-01 2.219962067781817439e+01
3.739100000000000201e-01 2.211013109045124736e+01
3.742500000000000271e-01 2.230300993530227061e+01
3.781999999999999806e-01 2.221737214152554074e+01
3.798599999999999755e-01 2.213592562919891904e+01
3.801999999999999824e-01 2.218087757098099644e+01
3.804000000000000159e-01 2.215409470369090528e+01
3.804799999999999849e-01 2.203069938710086006e+01
3.805999999999999939e-01 2.220725020738730038e+01
3.811999999999999833e-01 2.252857604954950688e+01
3.815000000000000058e-01 2.231579266019474517e+01
3.825999999999999956e-01 2.218537838714878419e+01
3.849199999999999844e-01 2.240392568359096970e+01
3.856999999999999873e-01 2.228351272540012218e+01
3.876000000000000001e-01 2.238969005212470975e+01
3.877999999999999781e-01 2.229254194718508941e+01
3.891999999999999904e-01 2.211676394138198276e+01
3.921999999999999931e-01 2.219037098189437174e+01
4.009099999999999886e-01 2.225841575530156646e+01
4.012700000000000156e-01 2.230401289720800406e+01
4.012800000000000256e-01 2.216309323682979837e+01
4.018999999999999795e-01 2.225450322542492998e+01
4.043900000000000272e-01 2.244685310301998982e+01
4.045000000000000262e-01 2.212884947163533056e+01
4.059099999999999930e-01 2.256232019952350498e+01
4.096000000000000196e-01 2.247970718160819104e+01
4.097999999999999976e-01 2.246741003253388058e+01
4.099099999999999966e-01 2.244932034650019048e+01
4.113999999999999879e-01 2.260947086734055489e+01
4.117999999999999994e-01 2.257985815212092007e+01
4.161599999999999744e-01 2.251717941771994091e+01
4.181599999999999762e-01 2.238802690721906075e+01
4.193999999999999950e-01 2.259156202717696971e+01
4.198000000000000065e-01 2.230797748057313967e+01
4.205999999999999739e-01 2.247676732976490044e+01
4.208000000000000074e-01 2.248828163821970350e+01
4.229100000000000081e-01 2.235508263646608640e+01
4.230999999999999761e-01 2.238032989927097915e+01
4.234999999999999876e-01 2.259910525832644979e+01
4.267000000000000237e-01 2.261979818020820332e+01
4.269000000000000017e-01 2.255950348562785379e+01
4.275999999999999801e-01 2.303604913554701383e+01
4.281599999999999850e-01 2.275276446022894206e+01
4.292000000000000259e-01 2.247800003550154102e+01
4.294000000000000039e-01 2.275607991863022050e+01
4.304999999999999938e-01 2.254314650921469720e+01
4.352099999999999858e-01 2.256109901035791410e+01
4.359100000000000197e-01 2.236510679287788861e+01
4.364999999999999991e-01 2.284622258601370959e+01
4.390999999999999903e-01 2.256674308262315520e+01
4.391999999999999793e-01 2.246162067182476818e+01
4.399000000000000132e-01 2.285512012593187947e+01
4.404000000000000137e-01 2.242441818274186005e+01
4.423799999999999955e-01 2.267342065141390250e+01
4.431599999999999984e-01 2.257590213681465485e+01
4.474000000000000199e-01 2.259963818051203077e+01
4.493900000000000117e-01 2.278952987983511846e+01
4.504000000000000226e-01 2.245092140788626267e+01
4.506999999999999895e-01 2.265963306844932745e+01
4.511700000000000155e-01 2.236439545681563601e+01
4.511999999999999900e-01 2.272519392318654496e+01
4.513800000000000034e-01 2.241647309848973535e+01
4.603999999999999759e-01 2.280166807105364413e+01
4.606999999999999984e-01 2.275135219769331130e+01
4.610899999999999999e-01 2.263003266868755503e+01
4.613800000000000123e-01 2.276322214894221574e+01
4.661000000000000143e-01 2.278392322802120873e+01
4.669099999999999917e-01 2.321474298488989518e+01
4.689099999999999935e-01 2.273093926334259862e+01
4.703899999999999748e-01 2.280457455132479083e+01
4.703999999999999848e-01 2.265263784208707776e+01
4.709099999999999953e-01 2.309888555192204862e+01
4.712000000000000077e-01 2.271135838907727234e+01
4.751600000000000268e-01 2.269691558666036357e+01
4.773999999999999910e-01 2.292782328119690405e+01
4.796000000000000263e-01 2.261252477396242000e+01
4.801599999999999757e-01 2.275005097987322600e+01
4.803799999999999737e-01 2.277576187028711985e+01
4.803999999999999937e-01 2.268685829187968395e+01
4.812000000000000166e-01 2.301829391641702927e+01
4.892000000000000237e-01 2.286412505150381236e+01
4.951999999999999735e-01 2.287903121662884232e+01
4.979100000000000192e-01 2.292592333359225520e+01
5.001600000000000490e-01 2.305217829379477124e+01
5.006000000000000449e-01 2.297256986294107861e+01
5.024999999999999467e-01 2.281497996864839806e+01
5.027000000000000357e-01 2.289681261475952212e+01
5.034899999999999931e-01 2.293328188533393686e+01
5.078000000000000291e-01 2.299193939892905902e+01
5.079099999999999726e-01 2.296893810284652560e+01
5.088000000000000300e-01 2.277754487946691953e+01
5.100000000000000089e-01 2.284680896130960548e+01
5.106000000000000538e-01 2.282142815214541187e+01
5.111599999999999477e-01 2.311472182475920079e+01
5.141599999999999504e-01 2.319011564068227571e+01
5.141999999999999904e-01 2.312630734499914098e+01
5.149099999999999788e-01 2.298588529078125831e+01
5.153900000000000148e-01 2.302420462101915533e+01
5.191999999999999948e-01 2.295665253312436249e+01
5.193999999999999728e-01 2.303922317056862568e+01
5.195999999999999508e-01 2.297540419964666114e+01
5.221599999999999575e-01 2.316081259390709235e+01
5.282999999999999918e-01 2.284276698986507625e+01
5.321599999999999664e-01 2.306064464678009074e+01
5.331599999999999673e-01 2.293614357365703071e+01
5.349099999999999966e-01 2.292075849925541675e+01
5.351599999999999691e-01 2.298519284716934052e+01
5.359099999999999975e-01 2.306790243855488143e+01
5.450000000000000400e-01 2.334515093509115857e+01
5.489100000000000090e-01 2.289107663024030970e+01
5.501000000000000334e-01 2.313920506700906898e+01
5.509100000000000108e-01 2.316662159831211198e+01
5.523900000000000476e-01 2.298569419869901864e+01
5.531599999999999850e-01 2.328542939722866123e+01
5.581899999999999640e-01 2.324827566689221570e+01
5.592000000000000304e-01 2.338432917893965168e+01
5.632000000000000339e-01 2.324169037666425552e+01
5.652000000000000357e-01 2.328798486099556797e+01
5.751600000000000046e-01 2.338655663128521311e+01
5.760999999999999455e-01 2.323598404440096132e+01
5.763899999999999579e-01 2.324423453460048705e+01
5.778999999999999693e-01 2.328101485067324816e+01
5.789100000000000357e-01 2.323580556499301508e+01
5.792100000000000026e-01 2.322385849487913134e+01
5.793800000000000061e-01 2.317842252073506160e+01
5.803800000000000070e-01 2.336837356441555613e+01
5.811899999999999844e-01 2.352244201727719641e+01
5.834000000000000297e-01 2.334275315824943320e+01
5.839199999999999946e-01 2.360661303034537539e+01
5.842100000000000071e-01 2.336498830897816958e+01
5.862100000000000088e-01 2.356831604709420702e+01
5.879100000000000437e-01 2.344226676543306809e+01
5.891999999999999460e-01 2.329975033179551502e+01
5.909100000000000463e-01 2.333391819744080209e+01
5.911600000000000188e-01 2.324448500696090747e+01
6.003800000000000248e-01 2.340271023479040835e+01
6.039200000000000124e-01 2.358658427164890270e+01
6.089099999999999513e-01 2.337523476980923931e+01
6.091600000000000348e-01 2.354626997157569690e+01
6.104000000000000536e-01 2.347668808050353562e+01
6.119099999999999540e-01 2.373773211096340319e+01
6.161999999999999700e-01 2.356516869811794734e+01
6.191999999999999726e-01 2.348496425945049637e+01
6.203899999999999970e-01 2.351192269896142051e+01
6.211600000000000454e-01 2.341235834630698420e+01
6.259099999999999664e-01 2.345869207678518720e+01
6.279099999999999682e-01 2.341195053239359325e+01
6.303999999999999604e-01 2.331740217109990709e+01
6.311600000000000543e-01 2.316324612490464574e+01
6.311999999999999833e-01 2.340813928344209671e+01
6.329099999999999726e-01 2.365920496921323490e+01
6.382100000000000550e-01 2.336894912069837815e+01
6.389200000000000434e-01 2.348861556271371853e+01
6.411599999999999522e-01 2.362308670064307137e+01
6.433900000000000174e-01 2.360654236515864568e+01
6.473900000000000210e-01 2.362641149425981624e+01
6.483900000000000219e-01 2.353716118392399181e+01
6.625900000000000123e-01 2.374769625068055490e+01
6.643799999999999706e-01 2.363419844246301338e+01
6.703900000000000414e-01 2.378545835140218401e+01
6.782000000000000250e-01 2.403666898302786947e+01
6.811599999999999877e-01 2.359905271023522388e+01
6.833900000000000530e-01 2.394460442519621779e+01
6.859100000000000197e-01 2.384260295641555771e+01
6.892099999999999893e-01 2.361217827122724344e+01
6.903799999999999937e-01 2.375319462966758266e+01
6.939100000000000268e-01 2.379505570894062316e+01
6.979100000000000303e-01 2.378126027070231174e+01
6.989199999999999857e-01 2.379101492862345779e+01
6.991600000000000037e-01 2.395403422818337091e+01
6.999199999999999866e-01 2.383261574315039866e+01
7.011600000000000055e-01 2.377658631464360894e+01
7.012000000000000455e-01 2.374817398813016567e+01
7.019100000000000339e-01 2.390736226085288507e+01
7.153800000000000159e-01 2.384442982311384895e+01
7.183899999999999730e-01 2.368964920576742017e+01
7.201999999999999513e-01 2.382424288851507299e+01
7.203899999999999748e-01 2.387694862536054785e+01
7.209100000000000508e-01 2.402123009962226874e+01
7.263899999999999801e-01 2.390054437601324722e+01
7.273899999999999810e-01 2.386919031767884292e+01
7.309099999999999486e-01 2.376703675773755009e+01
7.331600000000000339e-01 2.405000259433341014e+01
7.341600000000000348e-01 2.409320175641764195e+01
7.341999999999999638e-01 2.384709601066558804e+01
7.349999999999999867e-01 2.370454613480254835e+01
7.351600000000000357e-01 2.402990843322202608e+01
7.361999999999999655e-01 2.406824716693507327e+01
7.364000000000000545e-01 2.377894652908970130e+01
7.399999999999999911e-01 2.384310045476248519e+01
7.411600000000000410e-01 2.426419841391095389e+01
7.423999999999999488e-01 2.392304855870027680e+01
7.452600000000000335e-01 2.380704874525753922e+01
7.453800000000000425e-01 2.400782406369985011e+01
7.499099999999999655e-01 2.380919659428618829e+01
7.503900000000000015e-01 2.376348263338054778e+01
7.563900000000000068e-01 2.404013345767830856e+01
7.581599999999999451e-01 2.405713687607945772e+01
7.603900000000000103e-01 2.392573852800023815e+01
7.619099999999999762e-01 2.405280704088795574e+01
7.621999999999999886e-01 2.397475703289818227e+01
7.661999999999999922e-01 2.410706788351871310e+01
7.663900000000000157e-01 2.423117580199929222e+01
7.671999999999999931e-01 2.424606966734976510e+01
7.679099999999999815e-01 2.438355668721841951e+01
7.691999999999999948e-01 2.420681954849971262e+01
7.739099999999999868e-01 2.417471979293458162e+01
7.772099999999999564e-01 2.409323373684190983e+01
7.889100000000000001e-01 2.410557730398386411e+01
7.899100000000000010e-01 2.421747440542827690e+01
7.972000000000000197e-01 2.385347757404995050e+01
7.992000000000000215e-01 2.435953830574504408e+01
8.003900000000000459e-01 2.382301681560914020e+01
8.053799999999999848e-01 2.405528751762165030e+01
8.069100000000000161e-01 2.425309047638911863e+01
8.089199999999999724e-01 2.455604912926476757e+01
8.099100000000000188e-01 2.420663904918970033e+01
8.104000000000000092e-01 2.407997623126487952e+01
8.133799999999999919e-01 2.426720868035007683e+01
8.174000000000000155e-01 2.434358037221690552e+01
8.211600000000000010e-01 2.416898715386243879e+01
8.223799999999999999e-01 2.433605522306603319e+01
8.292000000000000481e-01 2.439689576850847885e+01
8.371600000000000152e-01 2.415587743462604209e+01
8.379100000000000437e-01 2.430411137676799527e+01
8.409100000000000463e-01 2.402401583385694295e+01
8.411600000000000188e-01 2.432746972054238199e+01
8.411999999999999478e-01 2.422160316520839629e+01
8.488999999999999879e-01 2.430921433908890350e+01
8.491999999999999549e-01 2.433080373921335138e+01
8.503899999999999793e-01 2.431911241669522283e+01
8.539099999999999469e-01 2.430392600665784997e+01
8.539999999999999813e-01 2.431139262993624683e+01
8.591999999999999638e-01 2.436978210997686745e+01
8.649099999999999566e-01 2.439498119158933420e+01
8.651999999999999691e-01 2.436836185464469295e+01
8.671999999999999709e-01 2.434591285929652216e+01
8.711600000000000454e-01 2.434154426957748640e+01
8.789099999999999691e-01 2.442039641810327311e+01
8.903799999999999493e-01 2.418084229309555511e+01
8.921599999999999531e-01 2.457943279068978626e+01
8.979099999999999859e-01 2.440150439020592543e+01
9.013900000000000245e-01 2.451324201629099520e+01
9.103900000000000325e-01 2.461204675508525597e+01
9.142000000000000126e-01 2.437804493580228637e+01
9.211599999999999788e-01 2.446468766607256384e+01
9.251599999999999824e-01 2.477000993785598482e+01
9.259100000000000108e-01 2.474037474822425153e+01
9.289100000000000135e-01 2.477767327795189800e+01
9.311599999999999877e-01 2.470530699184857681e+01
9.329100000000000170e-01 2.454672469305001314e+01
9.349100000000000188e-01 2.476407595921915217e+01
9.350000000000000533e-01 2.426525152481316283e+01
9.363899999999999446e-01 2.447213626935923614e+01
9.479100000000000303e-01 2.441033635425383252e+01
9.492099999999999982e-01 2.466586675630724201e+01
9.503899999999999570e-01 2.468558536463412523e+01
9.599100000000000410e-01 2.480544046102922096e+01
9.603800000000000114e-01 2.469184540500172886e+01
9.699999999999999734e-01 2.511412547518895622e+01
9.751999999999999558e-01 2.470477896113184357e+01
9.821600000000000330e-01 2.478221896913211353e+01
9.833899999999999864e-01 2.492347812024482323e+01
9.841999999999999638e-01 2.482712138917126055e+01
9.971999999999999753e-01 2.469877384653716490e+01
9.989099999999999646e-01 2.461101296772262614e+01
1.002399999999999958e+00 2.508022947868245467e+01
1.014000000000000012e+00 2.485315440354508354e+01
1.020000000000000018e+00 2.488105825070698884e+01
1.029910000000000103e+00 2.472773536739648748e+01
1.060389999999999944e+00 2.468770895686497013e+01
1.092000000000000082e+00 2.463710269585171631e+01
1.120000000000000107e+00 2.506266916501212449e+01
1.205999999999999961e+00 2.573972605362137500e+01
1.229999999999999982e+00 2.539115486249024300e+01
1.300000000000000044e+00 2.551901546606925208e+01
1.304999999999999938e+00 2.526306792645589638e+01
1.314999999999999947e+00 2.554122281535340022e+01
1.330000000000000071e+00 2.560303842869012669e+01
1.340000000000000080e+00 2.546408485483275186e+01
1.370000000000000107e+00 2.551479896701631134e+01
1.389999999999999902e+00 2.536195817836551214e+01
1.540000000000000036e+00 2.590819363318297874e+01
1.550000000000000044e+00 2.600672047213315352e+01
1.699999999999999956e+00 2.605830907485519887e+01
1.800000000000000044e+00 2.620140945686768319e+01
1.913999999999999924e+00 2.616028232854673874e+01
2.259999999999999787e+00 2.687726578850223191e+01
