# z	dc_LCDM	dc_wCDM
0.005	22.361252965234474	22.366933575014656
0.015	66.92247768463336	66.97294639612754
0.025	111.26771659793087	111.40610011924622
0.034999999999999996	155.3958958693573	155.66361888403875
0.045	199.306008978568	199.7428276474824
0.055	242.99711628320384	243.64115217562934
0.065	286.4683445126869	287.3561189123331
0.07500000000000001	329.71888619634825	330.88535472790255
0.085	372.74799902888714	374.226586551084
0.095	415.5550051764426	417.3776408878685
0.10500000000000001	458.13929052634694	460.3364432311717
0.115	500.50030388380515	503.101017365142
0.125	542.6375561186306	545.6694845687451
0.135	584.5506192653427	588.0400627228211
0.14500000000000002	626.2391255796506	630.2110653252531
0.155	667.7027665546401	672.1809004189322
0.165	708.941291899568	713.9480694373616
0.17500000000000002	749.9545084845412	755.5111659727103
0.185	790.7422792539954	796.868874470986
0.195	831.3045221118759	838.019968859698
0.20500000000000002	871.641208781663	878.9633111124609
0.215	911.7523636435732	919.6978497555089
0.225	951.6380625524575	960.2226183211333
0.23500000000000001	991.2984316382273	1000.5367337526363
0.245	1030.7336460919853	1040.6393947654462
0.255	1069.9439289401907	1080.529880169259
0.265	1108.92954980907	1120.2075471554238
0.275	1147.6908236820716	1159.6718295540384
0.28500000000000003	1186.2281096518489	1198.922236065145
0.295	1224.5418096699493	1237.958348468061
0.305	1262.6323672948672	1276.7798198127373
0.315	1300.5002664419321	1315.3863725971876
0.325	1338.1460301354955	1353.777796934654
0.335	1375.5702192659892	1391.9539487137845
0.34500000000000003	1412.7734313534459	1429.9147477555525
0.35500000000000004	1449.7562993183137	1467.660175969894
0.365	1486.5194902621943	1505.1902755153596
0.375	1523.063704258676	1542.5051469641442
0.385	1559.389673156423	1579.6049474760187
0.395	1595.4981593951816	1616.489888983031
0.405	1631.3899548357922	1653.1602363875256
0.41500000000000004	1667.0658796060118	1689.6163057762878
0.425	1702.5267809614895	1725.8584626517788
0.435	1737.7735321645534	1761.8871201836291
0.445	1772.807031380192	1797.702737481449
0.455	1807.6282005905684	1833.3058178902909
0.465	1842.2379845286666	1868.6969073114171
0.47500000000000003	1876.6373496315164	1903.876592548538
0.485	1910.8272830129301	1938.845499681328
0.495	1944.8087914578111	1973.6042924671701
0.505	1978.5829004361156	2008.1536707725238
0.515	2012.1506531387888	2042.4943690335715
0.525	2045.5131095345116	2076.6271547485917
0.535	2078.6713454486976	2110.5528270013638
0.545	2111.626451663371	2144.2722150166014
0.555	2144.3795330396606	2177.786176747911
0.5650000000000001	2176.9317076617112	2211.0955974987214
0.5750000000000001	2209.2841060025526	2244.201388575987
0.585	2241.4378701120895	2277.104485977225
0.595	2273.394152826492	2309.805849111333
0.605	2305.1541169999564	2342.30645955218
0.615	2336.7189347571607	2374.607319825717
0.625	2368.089786768105	2406.7094522309912
0.635	2399.2678615435975	2438.613897693404
0.645	2430.2543547520177	2470.3217146515058
0.655	2461.050468556915	2501.8339779759376
0.665	2491.6574109753215	2533.151777921474
0.675	2522.076395256	2564.2762191104553
0.685	2552.3086392783166	2595.2084195481466
0.6950000000000001	2582.3553649702426	2625.949509669319
0.7050000000000001	2612.2177977463502	2656.500631415688
0.715	2641.8971659644517	2686.862937343622
0.725	2671.3947004012925	2717.037589761758
0.735	2700.711633746663	2747.02575989799
0.745	2729.849200115483	2776.828627095127
0.755	2758.808634577559	2806.447378035007
0.765	2787.591172705075	2835.8832059901215
0.775	2816.1980501364	2865.1373101026056
0.785	2844.630502157128	2894.210894689359
0.795	2872.889763296991	2923.105168573742
0.805	2900.977066942902	2951.8213444417743
0.8150000000000001	2928.893644967336	2980.360638224312
0.8250000000000001	2956.640727371638	3008.72426850171
0.8350000000000001	2984.2195419443196	3036.913455933652
0.845	3011.6313139338295	3064.9294227109635
0.855	3038.877265734622	3092.773392030094
0.865	3065.9586165878695	3120.4465875890623
0.875	3092.8765822943865	3147.9502331049675
0.885	3119.6323749412422	3175.2855518516703
0.895	3146.227202640126	3202.453766217581
0.905	3172.662269278558	3229.4560972829836
0.915	3198.938774282477	3256.293764415699
0.925	3225.057912390533	3282.967984885672
0.935	3251.020873438944	3309.4799734963913
0.9450000000000001	3276.828842158236	3335.830942234432
0.9550000000000001	3302.4829979787864	3362.0220999346475
0.965	3327.984514848184	3388.0546519621453
0.975	3353.3345610570727	3413.9297999093556
0.985	3378.534299075552	3439.6487413082305
0.995	3403.584885397318	3465.212669357395
1.005	3428.4874703944483	3490.622772662722
1.015	3453.2431981792033	3515.8802349916587
1.025	3477.8532064748324	3540.986235041041
1.035	3502.318626494701	3565.9419462169994
1.045	3526.6405828282623	3590.7485364275185
1.055	3550.8201933351506	3615.4071678866635
1.065	3574.858569046153	3639.9189969295353
1.075	3598.7568140712533	3664.285173839448
1.085	3622.5160255143896	3688.506842684295
1.095	3646.1372933947264	3712.585141163762
1.105	3669.6217005735416	3736.5212004662226
1.115	3692.970322687883	3760.3161451351048
1.125	3716.1842280897495	3783.97109294391
1.135	3739.264477790092	3807.487154780219
1.145	3762.212125409564	3830.8654345380005
1.155	3785.028217132567	3854.107029017971
1.1649999999999998	3807.713791668078	3877.2130278356085
1.1749999999999998	3830.269880213584	3900.1845133364295
1.1849999999999998	3852.697506424846	3923.022560518313
1.1949999999999998	3874.997686388728	3945.7282369614263
1.2049999999999998	3897.1714286014376	3968.3026027631677
1.2149999999999999	3919.2197339500726	3990.7467104810894
1.2249999999999999	3941.143595697848	4013.0616050801927
1.2349999999999999	3962.9439994734366	4035.2483238870864
1.2449999999999999	3984.6219232638923	4057.3078965493896
1.255	4006.1783374101956	4079.241344999961
1.265	4027.6142046066348	4101.04968342642
1.275	4048.930479903485	4122.733918245988
1.285	4070.1281107116083	4144.29504808387
1.295	4091.2080368111115	4165.734063756651
1.305	4112.171190361641	4187.051948260322
1.315	4133.018495915709	4208.24967676121
1.325	4153.750870434306	4229.328216591538
1.335	4174.369223305411	4250.288527248114
1.345	4194.874456363364	4271.1315603953335
1.355	4215.2674639116985	4291.85825987011
1.365	4235.549132747206	4312.469561691249
1.375	4255.720342186368	4332.966394070877
1.385	4275.781964092818	4353.349677429451
1.395	4295.734862907201	4373.620324412618
1.405	4315.579895678674	4393.779239911466
1.4149999999999998	4335.317912097473	4413.827321084622
1.4249999999999998	4354.949754529023	4433.765457382874
1.4349999999999998	4374.476258049658	4453.594530575806
1.4449999999999998	4393.898250483204	4473.315414780963
1.4549999999999998	4413.216552439741	4492.928976494046
1.4649999999999999	4432.431977353478	4512.436074621607
1.4749999999999999	4451.545331524903	4531.837560516134
1.4849999999999999	4470.557414159838	4551.134278010648
1.4949999999999999	4489.469017413468	4570.3270634570445
1.505	4508.280926432385	4589.416745764801
1.515	4526.993919398709	4608.404146441605
1.525	4545.608767574787	4627.290079633556
1.535	4564.126235348464	4646.075352169558
1.545	4582.547080278878	4664.760763603933
1.555	4600.872053143633	4683.347106261836
1.565	4619.101897985315	4701.835165284546
1.575	4637.237352159217	4720.225718677078
1.585	4655.279146381826	4738.5195373545275
1.595	4673.228004779111	4756.717385190909
1.605	4691.084644935228	4774.820019068581
1.615	4708.849777942107	4792.828188927181
1.625	4726.524108449005	4810.742637814018
1.635	4744.108334711706	4828.564101934999
1.645	4761.603148643867	4846.293310705507
1.655	4779.0092358656075	4863.930986802976
1.665	4796.327275755275	4881.477846217757
1.6749999999999998	4813.557941499491	4898.934598306381
1.6849999999999998	4830.7019001437775	4916.30194584402
1.6949999999999998	4847.759812643295	4933.580585077339
1.7049999999999998	4864.732333913982	4950.771205778194
1.7149999999999999	4881.620112883238	4967.874491296511
1.7249999999999999	4898.423792540547	4984.891118614224
1.7349999999999999	4915.144009988489	5001.821758398989
1.7449999999999999	4931.781396493989	5018.667075057371
1.755	4948.33657753819	5035.427726789688
1.765	4964.810172867921	5052.10436564334
1.775	4981.202796545986	5068.697637566614
1.785	4997.515057001699	5085.208182462696
1.795	5013.74755708115	5101.636634243852
1.805	5029.900894097509	5117.983620884755
1.815	5045.975659881034	5134.249764476177
1.825	5061.972440829376	5150.43568127901
1.835	5077.891817956278	5166.541981777316
1.845	5093.7343669422235	5182.56927073178
1.855	5109.500658182914	5198.518147232869
1.865	5125.191256838617	5214.389204753544
1.875	5140.806722883531	5230.183031202522
1.885	5156.347611153372	5245.900208976264
1.895	5171.814471394246	5261.5413150119475
1.905	5187.2078483109235	5277.106920838784
1.915	5202.5282816146455	5292.597592630501
1.9249999999999998	5217.776306070037	5308.013891256104
1.9349999999999998	5232.952451542961	5323.356372332787
1.9449999999999998	5248.057243047439	5338.625586274642
1.9549999999999998	5263.091200791968	5353.822078345383
1.9649999999999999	5278.054840226359	5368.946388707833
1.9749999999999999	5292.948672087455	5383.9990524736
1.9849999999999999	5307.773202444636	5398.980599754162
1.9949999999999999	5322.528932746111	5413.891555708707
